gene	baseMean	log2FoldChange	lfcSE	stat	pvalue	padj	PSC.0149	PSC.0174	PSC.0177	PSC.0186	PSC.0187	PSC.0188	PSC.0190	PSC.0202	PSC.0203	PSC.0209	PSC.0219	PSC.0228	PSC.0230	PSC.0231
g15192.t1	g15192.t1	64.7668616314932	5.44160382147047	1.33523607242013	4.07538706740261	4.59378722245145e-05	0.0124590072026058	4	5	3	0	851	3	0	1	2	0	26	30	0	0
g47.t1	g47.t1	18.8863042489252	1.95545174147407	0.469016494526681	4.16926006716984	3.05590130669636e-05	0.00935746553348877	5	11	15	3	32	49	8	1	4	8	32	47	37	21
g20804.t1	g20804.t1	9.94286523484667	4.21499589169403	1.11709672159614	3.77317004893857	0.000161186344615055	0.0294303476704682	3	3	2	0	88	1	0	0	1	1	23	21	3	0
g290.t2	g290.t2	1320.13698811655	-1.16995339516659	0.252581650858689	-4.63198095027552	3.62183485855898e-06	0.00256144091539878	1753	877	900	2124	531	770	1222	2255	1414	2339	867	1249	1030	1072
g9649.t1	g9649.t1	3249.66308438039	-2.0845978864468	0.497310598059397	-4.1917423328224	2.7682028954612e-05	0.00890751389327643	4639	6648	295	258	954	1309	6445	1068	725	2843	730	2001	413	6889
g8019.t3	g8019.t3	2.48742304753389	4.82554199358896	1.10231409367792	4.37764700756782	1.19967441376051e-05	0.00493836228284704	0	0	4	0	10	8	0	0	0	0	3	4	12	0
g22928.t1	g22928.t1	12.8805792880574	4.15605874401693	0.912303488474496	4.55556598930304	5.2244710386711e-06	0.00309958070841159	1	1	0	1	52	40	0	2	5	2	36	41	16	0
g16046.t1	g16046.t1	145.511306227727	2.98180431546909	0.824555956118157	3.61625465602944	0.000298896342025849	0.0429889928284905	30	0	67	34	403	378	27	86	58	0	210	619	316	22
g23102.t1	g23102.t1	337.602738246516	-2.12507748723109	0.47375077394677	-4.4856443600657	7.2693907791677e-06	0.00384847018007704	342	51	35	614	90	122	370	1076	501	575	177	126	305	401
g11693.t1	g11693.t1	107.046424386654	-1.62943066140022	0.413648260511664	-3.93916962054837	8.17641103378482e-05	0.0184727701249691	175	180	16	59	44	86	183	104	16	125	32	73	54	129
g14873.t1	g14873.t1	239.295717293236	2.39828598306929	0.650124331632005	3.68896512002386	0.000225168082923364	0.036028631816943	25	21	257	85	146	624	30	163	554	53	208	668	1138	21
g12314.t1	g12314.t1	14.2014362561139	3.85405412639766	0.981893310444	3.92512514893793	8.66846592380961e-05	0.0189161868463822	3	3	3	1	153	9	0	0	2	0	5	23	2	0
g2188.t1	g2188.t1	25.1509825108092	3.45780015640808	0.935585594648316	3.69586724740867	0.000219137461576563	0.0359671844306773	6	4	8	2	3	154	0	9	18	1	11	29	193	1
g21577.t1	g21577.t1	152.918447708424	-1.2773863574212	0.312984374770845	-4.08131031575125	4.47825171039587e-05	0.0124453815302952	267	154	41	97	186	97	139	85	86	210	52	105	77	336
g23422.t1	g23422.t1	225.190473841817	4.07703747871642	1.07262807837564	3.80097963209259	0.000144125150132224	0.0280734818873809	16	13	6	12	2642	16	4	3	23	0	23	458	19	2
g15722.t1	g15722.t1	665.950170242478	4.42157108103175	0.874409160280839	5.05663856450412	4.26710859040545e-07	0.000623161973760365	10	12	22	55	6606	113	24	29	21	51	416	2182	71	56
g12819.t1	g12819.t1	105.551482279144	2.58873037978567	0.690691283318092	3.74802816006215	0.000178230247734435	0.030760920483984	5	9	15	1	799	196	54	4	8	1	26	205	23	87
g20946.t1	g20946.t1	21.7133654731047	3.86957010525224	1.04917103224457	3.68821668376965	0.000225831297667433	0.036028631816943	3	2	5	11	154	2	0	11	3	0	71	58	10	0
g14541.t1	g14541.t1	211.176466715926	1.59787103895084	0.387143688351489	4.12733330550937	3.6699428058309e-05	0.0107190560259538	24	20	275	475	155	105	18	337	115	134	1009	161	741	39
g13972.t1	g13972.t1	59.7699272604505	6.6832900497172	1.26207816590094	5.29546444133776	1.18714294105986e-07	0.000321970124800307	0	25	109	0	323	170	0	0	0	0	78	143	29	0
g23708.t1	g23708.t1	31.8595090739203	1.62658767367129	0.445151470997209	3.65400943195241	0.00025817677686324	0.0389006834027668	16	22	55	7	103	55	8	12	37	7	35	61	38	10
g15371.t1	g15371.t1	8048.22431387692	-1.12898353803374	0.244367675968885	-4.62001994968226	3.83703148064241e-06	0.00256144091539878	7066	4701	6536	12089	2362	2970	4326	17535	12209	24068	8884	4528	9794	3838
g2005.t1	g2005.t1	1028.94362538264	-2.21821899742672	0.61176759849931	-3.62591775515423	0.00028793699377956	0.0417288841748469	4955	257	252	470	113	619	712	336	1327	460	329	254	165	2365
g23749.t1	g23749.t1	6.6199014400455	3.04265712942867	0.837647589257639	3.63238331781652	0.000280815565135145	0.0410098731083903	0	2	1	1	46	6	1	3	2	0	10	16	11	1
g23664.t1	g23664.t1	178.871337673344	-0.797155629003532	0.215141127104764	-3.70526844277131	0.000211166968696806	0.0351667096553409	208	244	79	200	103	201	164	185	144	222	128	151	200	190
g15835.t2	g15835.t2	16.719747919646	4.6841734260732	1.12860171659719	4.1504220285933	3.31862806727569e-05	0.00984439904019203	0	7	0	0	90	64	0	0	0	0	12	36	32	8
g3275.t1	g3275.t1	9.00990441462564	2.40004272204137	0.631652315606149	3.79962625441851	0.00014491447063278	0.0280734818873809	0	0	27	10	11	6	0	16	5	1	25	6	50	2
g10969.t1	g10969.t1	365.593705461426	5.4338642332262	1.06988274478308	5.07893435960399	3.79557810380244e-07	0.000623161973760365	5	11	5	19	4319	11	2	3	7	5	114	752	3	6
g23101.t1	g23101.t1	20.2370348955711	-2.52444192247515	0.509264699272352	-4.95703300480502	7.15778211523287e-07	0.0008493155841106	20	4	5	39	5	6	25	66	26	19	9	5	8	37
g1326.t1	g1326.t1	1246.74302351306	6.03531843361671	1.09592261525168	5.50706623772946	3.64863004709149e-08	0.00017317310361008	28	14	32	50	15268	31	1	6	21	2	254	2166	40	10
g13916.t2	g13916.t2	27.6007007013713	4.20654979220025	0.949684794904807	4.42941680731226	9.44882527940184e-06	0.00440741743571871	32	38	59	0	49	55	4	0	0	0	11	82	61	12
g20748.t1	g20748.t1	79.8543208185469	3.18129104941269	0.86556963521658	3.67537274874098	0.000237502398569143	0.036958877351108	5	7	0	3	604	197	3	7	11	0	15	248	29	22
g16019.t1	g16019.t1	548.000712209961	3.28960349064567	0.785807757365229	4.18627006390918	2.83575921524399e-05	0.00897281478356785	45	19	157	162	2439	1001	98	315	121	2	442	2507	1117	18
g9872.t1	g9872.t1	335.139721525417	-1.07464768140314	0.298012026107336	-3.60605474698555	0.000310887574837649	0.0435425654968847	157	160	419	1088	24	64	80	748	572	742	469	82	807	76
g12334.t1	g12334.t1	6.08086780494638	4.24169873349787	1.09604674220276	3.86999803035151	0.000108836232569134	0.0221995122506243	1	1	4	0	55	15	0	1	0	0	3	7	0	0
g22338.t1	g22338.t1	366.756776642294	2.6964642851674	0.705366199467076	3.82278635863846	0.000131952100150189	0.0263695854879087	63	96	21	70	3530	269	15	42	53	27	92	852	122	41
g21823.t1	g21823.t1	59.240723627598	5.14216183386712	1.12803261762173	4.55852229229729	5.15147973895269e-06	0.00309958070841159	3	5	4	3	530	12	0	1	0	3	177	120	0	11
g14601.t1	g14601.t1	43.3187773256475	7.01013732553484	1.54641392885022	4.53315712873006	5.81085557515661e-06	0.0032446792086573	0	1	1	0	520	1	0	0	2	0	38	62	0	0
g9311.t1	g9311.t1	38.1043895304546	-3.48347850972726	0.833011437685555	-4.18178953149285	2.89223642148177e-05	0.00900149319046416	4	20	12	45	0	0	23	33	172	134	39	0	50	34
g4312.t1	g4312.t1	641.972710392917	-1.51739376365088	0.424144805871287	-3.57753706433778	0.000346847048609137	0.0468742591561759	340	548	312	891	144	331	1195	664	618	975	510	275	630	723
g5221.t1	g5221.t1	264.441277782924	2.46353224711981	0.563282938783502	4.37352541236238	1.22256005948807e-05	0.00493836228284704	79	33	228	226	219	838	26	103	106	224	196	1154	755	16
g275.t1	g275.t1	572.675160354508	-0.534838666748742	0.147239898899229	-3.63243027703236	0.000280764451370211	0.0410098731083903	631	532	443	777	570	506	505	652	605	505	454	494	661	575
g2626.t1	g2626.t1	527.78168943174	3.86447046730355	0.996698865122518	3.87726985806141	0.00010563517104525	0.0220382826625723	8	15	18	11	6440	39	3	3	6	8	111	604	6	215
g5505.t1	g5505.t1	539.194876443706	-1.59119828025407	0.400910795775885	-3.96895842421658	7.21874741463062e-05	0.0165117975502123	1030	842	97	54	251	420	1151	340	235	143	94	305	115	833
g22337.t1	g22337.t1	143.344547429467	2.791016204487	0.684242252301615	4.07898839204791	4.52320951061559e-05	0.0124453815302952	22	29	15	12	1399	119	11	20	27	8	40	306	32	16
g14316.t1	g14316.t1	24.9922257237131	1.84147665669299	0.517358720023915	3.55938072640945	0.000371730309961162	0.0486710340318115	5	6	15	18	65	79	2	22	11	9	10	66	66	14
g17510.t1	g17510.t1	9.59502827831356	3.87299745504146	1.00032395412834	3.87174318785188	0.000108059771773083	0.0221995122506243	0	0	1	1	35	10	1	2	0	0	4	86	1	1
g20860.t1	g20860.t1	114.387696812105	2.91763887792293	0.773269890344734	3.77311843426648	0.00016121970807104	0.0294303476704682	15	17	15	8	62	492	25	12	12	6	0	897	103	18
g11097.t1	g11097.t1	74.2877579461976	2.64891919253539	0.562336772057538	4.71055659910563	2.47041179570708e-06	0.00195419866422912	15	12	25	23	270	186	6	46	15	18	40	376	80	7
g3465.t1	g3465.t1	131.492660187189	-6.11273183636504	1.34792564850906	-4.53491766636114	5.7625960411374e-06	0.0032446792086573	145	159	0	591	0	0	84	782	0	79	2	30	0	103
g23587.t1	g23587.t1	8.56079292777139	2.3708619810335	0.66288693155079	3.57657070639028	0.000348131184673205	0.0468742591561759	0	5	15	2	38	14	1	9	2	1	5	21	15	2
g24131.t3	g24131.t3	44.1111400857814	5.82161653537451	1.31477646953135	4.42783748438213	9.51825730126242e-06	0.00440741743571871	0	0	0	18	270	55	0	4	39	27	50	132	95	0
g21166.t2	g21166.t2	8.85345642372445	6.63082195077057	1.76067825829848	3.76606112986173	0.000165843203212664	0.0297274350274758	0	0	0	0	56	0	0	0	0	0	25	27	39	0
g18616.t1	g18616.t1	27.0904582781324	3.10327726991517	0.868183869013296	3.5744470505333	0.000350968826416434	0.0469235434472958	1	2	9	9	242	6	6	1	1	0	9	86	12	6
g5989.t1	g5989.t1	28.4579912507807	1.60980720325624	0.44275992722498	3.63584666152105	0.000277069115382232	0.0410098731083903	14	8	45	36	45	47	3	23	42	10	39	57	88	2
g11068.t1	g11068.t1	11.6396130119988	2.00586708786949	0.430833529966381	4.65578221831066	3.22752960967157e-06	0.00245098598558459	3	8	13	7	26	29	0	6	2	4	15	25	36	8
g3867.t2	g3867.t2	8.85829544060975	3.91889261507582	0.97102124243142	4.0358464303654	5.44057956865869e-05	0.0136171258007386	0	0	13	0	18	25	0	5	9	2	24	32	9	0
g9442.t2	g9442.t2	23.3513197316153	5.65927690738975	1.27238087483814	4.44778526564201	8.67601971244078e-06	0.00423343866370691	10	0	0	0	88	90	0	0	0	0	28	104	32	0
g10994.t1	g10994.t1	9.46657748384506	3.92767468629049	1.05689144504401	3.71625175386573	0.000202200115462387	0.0339714087792337	0	0	1	0	59	9	2	0	3	0	11	49	3	1
g23106.t1	g23106.t1	209.407708309061	-1.96345136053495	0.466285020110665	-4.21083945623849	2.54423510581008e-05	0.00847408833049198	118	54	21	388	49	75	211	769	339	357	149	94	181	229
g23109.t1	g23109.t1	320.353125274775	-1.83030916912116	0.396288584738581	-4.61862702991698	3.86287469827201e-06	0.00256144091539878	203	158	78	459	69	110	401	1021	468	528	306	124	295	285
g12612.t2	g12612.t2	42.5960380193629	3.12186998304762	0.773879023764713	4.03405427357439	5.48226467035806e-05	0.0136171258007386	2	2	37	23	30	68	0	27	29	18	25	323	86	7
g23715.t1	g23715.t1	70.6280261589478	4.1339993615958	1.10684965089202	3.73492403260386	0.00018777186019395	0.0318290068373406	3	0	0	1	701	23	2	0	1	0	1	277	0	8
g1053.t1	g1053.t1	28.9981903498142	1.93326885578125	0.433695975503632	4.45765920132468	8.2859495740904e-06	0.00423343866370691	5	6	50	18	76	51	5	14	28	4	38	55	80	20
g6700.t1	g6700.t1	5765.84609728051	-1.50063605825014	0.305200975612089	-4.91687831351316	8.79351736236505e-07	0.00091427984928997	11633	7345	1257	2747	2055	3594	10676	4122	2323	3733	1791	5795	1854	7981
g3730.t1	g3730.t1	263.318365682604	-0.676724078247044	0.139572313263214	-4.84855529313209	1.24363868142188e-06	0.00118052401833972	274	292	241	351	197	208	154	482	340	258	212	206	307	248
g8208.t1	g8208.t1	118.584203806166	2.85647295205418	0.79258744366276	3.60398461380318	0.000313375615616304	0.0435425654968847	4	8	36	17	1021	130	6	4	25	8	60	307	6	61
g12253.t1	g12253.t1	66.6381157590082	2.93033980133608	0.716242320717386	4.09126871810795	4.2901966827662e-05	0.0121566244809427	3	2	19	24	564	73	8	16	13	6	56	140	26	18
g6273.t1	g6273.t1	32.8607881170076	-4.45019175742022	1.23503519693787	-3.60329144339689	0.00031421287717004	0.0435425654968847	2	0	5	190	2	0	82	1	119	12	1	5	5	1
g15129.t1	g15129.t1	80.0502261459519	3.96934414013652	0.926313056232189	4.28510006787767	1.82656954019705e-05	0.00679949465110607	0	1	10	17	399	160	1	10	15	0	106	399	61	20
g15820.t1	g15820.t1	54.8016922324525	3.25018063013528	0.660700101517669	4.91929791242564	8.68551896380043e-07	0.00091427984928997	3	5	18	12	348	117	2	5	9	0	38	177	46	25
g20160.t1	g20160.t1	14.8439370349738	1.67569294571671	0.466876074385424	3.58916003121926	0.000331745153950313	0.0456389981720774	5	6	28	15	29	11	0	25	13	7	48	18	36	1
g15181.t1	g15181.t1	1546.44203317912	-1.38468075971384	0.321690912260023	-4.3043825826034	1.6745207374611e-05	0.00635815524013978	2995	3264	261	412	543	858	2727	672	409	604	324	1675	447	2303
g11893.t1	g11893.t1	18.297413076671	3.0615147677358	0.682639599987492	4.48481858918219	7.29759949869757e-06	0.00384847018007704	5	4	81	1	55	33	5	7	5	5	11	7	71	0
g4147.t1	g4147.t1	7124.44895601626	-0.88224553989194	0.210196387714285	-4.19724406059326	2.70182722139953e-05	0.00884382582728794	11794	7719	4978	8176	4330	6139	5872	12736	5324	5616	3964	6810	6319	7555
g11259.t2	g11259.t2	15.5403718539867	4.5974251406876	1.14337951170691	4.02090915012484	5.79739618974863e-05	0.0141107136746638	19	8	47	0	9	45	0	0	0	0	54	8	39	9
g12308.t1	g12308.t1	13.4245970316091	1.36435608504136	0.380670992272055	3.58408208857242	0.000338265696254026	0.0462012535495156	4	9	30	11	17	19	3	9	9	13	11	28	43	5
g17267.t1	g17267.t1	220.001503853159	-0.914688733208961	0.244818220149685	-3.73619550313579	0.00018682543605535	0.0318290068373406	409	236	167	268	136	119	172	365	184	252	207	147	242	162
g17025.t1	g17025.t1	1255.60177364602	-1.46033587061457	0.374558068219087	-3.89882369256664	9.66611214133435e-05	0.0208535385230946	1100	644	445	914	870	1071	1342	1438	1337	2008	473	1185	353	2914
g5607.t1	g5607.t1	69.9240310517705	4.44348388707573	1.18187829908379	3.75967973227056	0.000170131014636842	0.0297274350274758	5	2	3	2	913	1	2	4	0	0	8	55	1	1
g1664.t1	g1664.t1	397.557837239004	0.963235318539591	0.237319721143074	4.05880857225044	4.93237254660016e-05	0.0129776303848943	328	163	460	322	1049	585	158	369	270	178	461	646	554	271
g782.t1	g782.t1	253.622273127922	6.21561142606944	1.2281029894767	5.06114835590292	4.16738776687955e-07	0.000623161973760365	3	3	7	4	2775	7	8	0	0	0	70	775	0	4
g11353.t1	g11353.t1	1636.52761005332	-1.593319842594	0.307045142607319	-5.18920387101419	2.11195073149754e-07	0.000400953846374808	2360	1523	443	2114	368	732	1536	1980	2076	3045	970	1449	1472	2109
g8842.t1	g8842.t1	325.339211081115	2.36557560229054	0.610059873390404	3.87761219098688	0.000105486687629229	0.0220382826625723	15	120	64	45	1535	376	26	106	57	16	189	1731	272	222
g3179.t1	g3179.t1	17.1829266323909	7.1676651238258	1.26743421974141	5.65525611679334	1.5561404891241e-08	9.84777572867365e-05	0	0	0	0	143	35	0	0	0	0	26	34	19	0
g17719.t1	g17719.t1	66.7409930027682	2.38840995192642	0.50417806109898	4.73723498940095	2.16653894275066e-06	0.00178833660122267	10	12	68	21	73	88	9	17	55	10	169	286	197	42
g9343.t1	g9343.t1	165.172036531643	-1.74435267680117	0.474578935896811	-3.67557964515401	0.000237309990291699	0.036958877351108	195	287	61	218	88	94	299	121	192	163	80	120	11	76
g23103.t1	g23103.t1	101.246960767481	-2.12764022797205	0.461520545150924	-4.61006611802358	4.0254092707202e-06	0.00256144091539878	89	27	15	175	17	37	121	337	96	253	63	42	77	85
g9984.t1	g9984.t1	133.975962365101	3.08403121741379	0.723356897185406	4.26349873681139	2.01250638846133e-05	0.0070754507009145	7	10	34	69	503	345	5	30	25	1	93	708	146	41
g15793.t1	g15793.t1	39.5688771495597	2.45152568039449	0.471270290874744	5.20195252674239	1.97205606669871e-07	0.000400953846374808	8	8	19	14	85	104	7	23	19	10	35	186	89	5
g13468.t1	g13468.t1	63.4352415520365	4.78079007039473	1.14978991559626	4.15796834321294	3.21090506054207e-05	0.00967603691657004	0	2	15	0	688	35	0	12	2	0	11	140	8	4
g13330.t1	g13330.t1	10.5321369374885	2.91856926015786	0.59452354022465	4.9090894854307	9.15002219463231e-07	0.00091427984928997	3	3	9	3	30	53	1	2	0	0	6	18	21	7
g624.t1	g624.t1	166.293627929212	-2.03203921947072	0.569715377625978	-3.56676210485716	0.00036141930339424	0.0479828354890885	30	12	99	128	6	13	11	676	175	1039	160	8	288	88
g23714.t2	g23714.t2	10.109425919278	5.0931356598126	1.26307808556829	4.03232050180101	5.52287957154003e-05	0.0136171258007386	0	0	1	1	110	14	0	0	0	0	7	11	0	1
g6492.t1	g6492.t1	139.150595260086	-1.18933542090554	0.306053909000194	-3.88603244699869	0.000101895893219881	0.0217358823907803	51	31	145	414	20	13	16	586	204	360	248	13	200	17
g4148.t1	g4148.t1	14048.8824428297	-0.861642357649518	0.204287417564027	-4.21779455594452	2.46703435820744e-05	0.00836368701617292	22621	13768	8926	14816	8637	11325	12870	22738	9827	12614	7743	14655	13743	16124
g14455.t1	g14455.t1	223.966668590369	3.93736077896216	0.91399787093462	4.30784458495069	1.64853148957725e-05	0.00635815524013978	44	8	6	3	2711	53	25	0	0	1	34	132	7	105
g10014.t1	g10014.t1	75.9439001775717	-1.98781965594678	0.38158349422329	-5.2093963340657	1.89456025663871e-07	0.000400953846374808	67	135	10	42	31	58	79	162	104	57	28	27	39	139
g6847.t1	g6847.t1	390.374121906253	-0.639568653681057	0.146828229499779	-4.35589706325527	1.32523048229334e-05	0.00524156264715398	475	322	340	506	251	285	272	532	438	590	363	321	544	339
g1749.t1	g1749.t1	43.5805213366587	-3.50032004684272	0.951203847720114	-3.67988423851778	0.000233339855067454	0.0369163095704634	10	76	0	11	3	17	108	38	10	42	0	84	0	74
g11899.t1	g11899.t1	203.33375918225	2.04837411128168	0.428380687650428	4.78166773230733	1.7384685871626e-06	0.0015002193694219	35	110	242	57	648	294	81	34	28	27	79	754	285	225
g23985.t2	g23985.t2	206.039871194339	1.2337005468959	0.333870807121037	3.69514351234864	0.000219762622805297	0.0359671844306773	86	55	194	168	539	179	66	290	180	116	464	226	573	98
g23108.t1	g23108.t1	825.250714848403	-1.90466663530779	0.413256216766535	-4.60892433805493	4.04757584735124e-06	0.00256144091539878	520	326	173	1268	157	296	1012	2615	1002	1570	620	408	715	893
g12858.t1	g12858.t1	29.4360014320167	4.08967906796906	1.11747136953019	3.65976183326152	0.00025244977529669	0.038651282129094	1	3	1	2	372	6	1	1	0	0	3	28	0	1
g23110.t1	g23110.t1	106.42050608499	-1.87765310734566	0.427989456100861	-4.3871480490472	1.14846619919291e-05	0.00493836228284704	74	43	25	197	18	28	130	315	147	146	98	60	81	124
g239.t1	g239.t1	58.4851887888077	6.31005073292956	1.43957625609903	4.38326952545643	1.16911324085393e-05	0.00493836228284704	1	2	0	0	634	7	0	0	0	0	49	143	0	8
g465.t1	g465.t1	5.72633980088783	3.26992411721538	0.898962568828011	3.63744190314667	0.000275359275690353	0.0410098731083903	0	0	1	2	22	17	1	0	0	0	1	31	6	3
g9978.t1	g9978.t1	106.448848598409	2.44298674690339	0.667979821812565	3.65727626363673	0.000254909595253609	0.0387156693271181	14	26	55	19	151	203	6	36	95	6	48	775	164	32
g24155.t1	g24155.t1	21.75682576181	3.86253413016448	1.04652753943449	3.69080983024267	0.000223541220725357	0.036028631816943	1	2	2	0	203	7	0	3	5	0	4	82	9	1
g14872.t1	g14872.t1	861.744813505608	2.58692034210956	0.685099840351516	3.77597568959035	0.000159382536575359	0.0294303476704682	53	38	741	326	692	2328	123	502	1596	170	479	2988	4196	116
g3945.t1	g3945.t1	3.47448527946027	4.49519592160778	1.19574394018426	3.75932987869886	0.000170369078864756	0.0297274350274758	0	0	2	0	8	20	0	0	1	0	0	15	7	0
g10615.t1	g10615.t1	179.756580157297	-0.609333285870271	0.152061497067651	-4.00715038073828	6.14557362648295e-05	0.0144041623825653	145	130	204	395	99	115	78	302	272	263	211	78	320	120
g8977.t1	g8977.t1	38.5386148053822	4.49356568278996	0.901373471178112	4.98524288374805	6.18840239745562e-07	0.0007887683314386	3	1	0	3	138	49	0	10	3	1	65	279	34	3
g11872.t1	g11872.t1	200.644062512936	-2.26822355040566	0.517804046978831	-4.38046701959901	1.18425216606835e-05	0.00493836228284704	313	230	23	460	19	35	152	789	224	250	155	126	90	57
g16133.t1	g16133.t1	27.2363312862642	1.59557489590444	0.442482517818328	3.60596143723703	0.000310999322279179	0.0435425654968847	3	4	32	9	40	55	8	25	37	23	66	29	90	12
g22445.t1	g22445.t1	397.55980483431	-0.797601034161272	0.186547312313498	-4.27559649222326	1.90626213826215e-05	0.00682837484809563	338	263	320	593	245	264	235	628	712	696	465	162	586	340
g7540.t1	g7540.t1	26.6973350414891	3.41291173144414	0.774858438320372	4.4045616110759	1.05998013295305e-05	0.00479136257716993	2	1	13	7	179	31	1	10	15	0	26	80	38	3
g23100.t1	g23100.t1	230.703280462104	-1.75335530440639	0.453345617581298	-3.86759072197705	0.00010991594161489	0.0221995122506243	256	33	44	424	119	80	301	578	330	307	135	138	186	246
g7857.t1	g7857.t1	3092.57054789715	-2.3914762432786	0.609132899714448	-3.92603361992053	8.63580904474677e-05	0.0189161868463822	1495	422	3881	8298	38	142	566	17336	6327	5642	1952	48	6212	56
g6502.t1	g6502.t1	449.833365150136	5.43415253143716	1.2219054949385	4.44727726812511	8.69655559044348e-06	0.00423343866370691	8	5	15	4	5002	155	1	0	0	0	192	807	2	210
g23670.t1	g23670.t1	54.5517708663208	4.79753253963681	1.13168084670556	4.23929816750274	2.24219682786674e-05	0.00773965577764547	1	0	4	0	607	22	1	4	2	0	58	72	1	12
g5197.t1	g5197.t1	27.1762072870451	-2.54341563729249	0.676642060874879	-3.75887900613793	0.000170676345430332	0.0297274350274758	13	7	19	12	3	1	19	131	58	119	17	5	4	3
g3840.t1	g3840.t1	11.6200458001092	3.11462421934928	0.766122937053019	4.06543658819307	4.79426287904112e-05	0.0128195888392388	4	4	3	3	44	18	4	2	1	0	43	39	3	1
g18244.t1	g18244.t1	103.948849039947	-1.92952760914063	0.50852613841316	-3.79435286288658	0.000148029031997295	0.0283871835602893	87	141	4	7	59	103	260	35	27	64	10	110	8	186
g21563.t1	g21563.t1	45.5100385463799	4.47601967957069	1.11668337803569	4.00831584638097	6.11532976279906e-05	0.0144041623825653	0	1	2	0	516	24	0	0	2	3	22	68	5	10
g12333.t1	g12333.t1	36.5998168975421	4.98481902077963	1.16460051541116	4.28028234129687	1.86656360484719e-05	0.00681475193038923	1	0	8	0	417	9	7	1	0	0	15	58	0	2
g23718.t1	g23718.t1	78.5917028471835	5.48095797557521	1.339112441137	4.09297816016218	4.25867845801371e-05	0.0121566244809427	1	1	3	3	963	2	0	0	0	0	0	151	2	2
g22624.t1	g22624.t1	25.3316549842957	3.52987375282565	0.931018574477731	3.79141066525529	0.000149794029917676	0.0284383965798708	5	1	6	10	180	2	0	7	5	1	54	99	5	3
g5031.t2	g5031.t2	57.3179272436926	-1.22206638454163	0.32475344993672	-3.76305897529267	0.000167847599473745	0.0297274350274758	77	51	32	77	24	20	55	109	47	114	68	30	66	37
g11894.t2	g11894.t2	14.9509029981331	-7.08471034564751	1.76798769258995	-4.00721700458731	6.14384092651025e-05	0.0144041623825653	0	16	0	22	0	0	0	0	17	150	0	0	0	16
g11890.t1	g11890.t1	464.219491418542	2.65868241301661	0.726385086765685	3.66015555860969	0.00025206217728167	0.038651282129094	35	14	8	10	2218	1325	47	7	21	10	101	2318	22	416
g10608.t1	g10608.t1	639.114356762334	6.20153048603298	1.14326630344452	5.42439715694283	5.8150458623292e-08	0.00022079729139264	5	8	14	28	7235	17	2	2	9	0	176	1712	12	8
g21236.t1	g21236.t1	191.651887867324	6.70413314563283	1.3451623016169	4.98388420309906	6.23203843643877e-07	0.0007887683314386	4	4	1	2	2253	3	0	0	0	0	68	416	0	7
g7620.t1	g7620.t1	89778.5190507621	-0.756518163925043	0.126832574782354	-5.964699251933	2.45085032605983e-09	4.65293934402458e-05	122480	81989	66913	104441	72482	77426	64505	129731	86465	96111	59090	79234	84437	113873
g18136.t1	g18136.t1	32.7775195780784	3.24551806887259	0.854002852862433	3.80035975054922	0.000144486175234409	0.0280734818873809	1	1	4	0	134	159	1	1	6	0	7	126	12	18
g15917.t1	g15917.t1	9.42642548000199	3.48028911288975	0.963092688804752	3.61365957123916	0.000301905405934175	0.0430952942230098	1	0	5	0	5	23	3	2	2	0	4	88	7	0
g17338.t1	g17338.t1	71.6755077965385	3.04262218422168	0.772941713118902	3.93641866208045	8.27066347443968e-05	0.0184727701249691	8	1	26	21	180	145	13	40	50	12	68	385	177	0
g7003.t1	g7003.t1	36.6749712619067	-4.0319003307777	1.01406333145736	-3.97598473951648	7.00886200551135e-05	0.0162272250212967	86	8	2	4	3	20	53	2	78	202	2	1	1	6
g23104.t1	g23104.t1	508.10868493604	-2.13056267609711	0.4432341654244	-4.80685570359199	1.53322569330127e-06	0.00138610903749165	390	142	65	958	112	189	672	1663	694	764	295	187	436	531
g21610.t1	g21610.t1	9192.92763950605	-0.869527359193317	0.229909914156041	-3.78203507397756	0.000155551437929726	0.0292390499910479	14040	9398	6626	9493	4287	7440	8213	12363	8631	8785	8260	5827	9948	11467
g1748.t1	g1748.t1	221.280150879079	-1.61956223071371	0.39929139110155	-4.05609103228028	4.99008173872681e-05	0.0129776303848943	296	156	90	249	65	216	218	101	240	465	78	115	122	450
g13571.t1	g13571.t1	37.0090722122731	4.53957938844553	1.1210764679354	4.04930396657574	5.13701873592367e-05	0.0131792298245285	3	1	1	3	390	3	7	0	1	0	68	46	1	5
g15734.t1	g15734.t1	23.6177222389155	7.48896473584701	1.38936507267826	5.39020656493878	7.03767421612196e-08	0.000222683741655126	0	0	2	0	282	2	0	0	0	0	32	18	9	0
g23378.t1	g23378.t1	87.165417188185	7.85922426314273	1.38199358992761	5.68687461390787	1.29385380401128e-08	9.84777572867365e-05	1	4	2	0	904	3	0	0	0	0	122	233	1	0
g12669.t1	g12669.t1	10.6784279634551	1.82125435423467	0.511143752186482	3.56309618662858	0.000366506309262562	0.0483202936204843	6	8	14	3	29	15	1	2	8	0	17	25	21	10
