baseMean	log2FoldChange	lfcSE	stat	pvalue	padj
g10262.t1	2678.63403280183	-5.43767903793335	1.13851426280454	-4.77611850425005	1.78711102401374e-06	0.00109715851795701
g10263.t1	2020.42700377396	-5.66413317563375	1.11758718944814	-5.06818011973693	4.01637252993418e-07	0.000406126139938639
g10608.t1	836.105086692357	7.18083058261331	1.37271410836697	5.231118802411	1.68487178724136e-07	0.000222791892482146
g10621.t1	29.3923847690868	3.11471141051114	0.682948002883433	4.56068602201149	5.09867708345376e-06	0.00248772424670473
g10715.t1	142.34355221006	4.25589921823535	1.16112567771951	3.66532176481885	0.000247027803769598	0.041785418934858
g10752.t1	47.6706932836888	4.65154757146515	1.14827359689204	4.05090527558518	5.10198598155937e-05	0.0132883543974251
g10969.t1	473.852129559202	7.57206010613367	1.24035122279933	6.10477094467192	1.02948212959068e-09	3.53935956153277e-06
g11053.t1	14.0468505145945	3.83858716092269	1.06082609441016	3.6184886298984	0.000296328515987767	0.0471656221280529
g11066.t1	72.1313120232224	3.68079279762823	0.841451767881301	4.37433604411592	1.21802626960562e-05	0.00523446789363016
g11097.t1	83.7086683759005	4.0903540226019	0.506067028812532	8.0826329116911	6.33831978135392e-16	1.08955717041474e-11
g11529.t1	3596.21879631505	-3.78498708713268	0.91648438455206	-4.12989806583843	3.62924110807789e-05	0.0106435528988888
g11530.t1	3859.54454859375	-3.64491343410748	0.994688451485182	-3.66437695005428	0.00024794140380195	0.041785418934858
g11661.t1	6.04565079033712	4.99086176299502	1.38632176446156	3.60007459374588	0.000318125904457039	0.0492665252037522
g11662.t1	27.4267988417174	4.16904020410866	1.07003477235547	3.896172640195	9.77247420532466e-05	0.0212644090619659
g11694.t1	30.686567150863	-2.34221054360891	0.628255030567398	-3.72812063517196	0.00019291303439611	0.0357956575763959
g11960.t1	251.918745458952	1.99561215825957	0.413407930941996	4.82722272335789	1.38450255261714e-06	0.00099164995331203
g12253.t1	78.8608880648913	4.13071076493058	0.979997155875411	4.21502321732832	2.4975249445142e-05	0.00829536668648048
g12333.t1	46.5398040621232	5.49820890111009	1.52279114303008	3.61061260848263	0.000305474637403088	0.0481753120821934
g12396.t1	1832.6852529793	-2.0832388991725	0.541330140384999	-3.84837041900324	0.000118906165469475	0.0243332974335747
g12612.t2	39.0855278637115	5.46174160291467	1.20304226627398	4.5399415764756	5.62698177758921e-06	0.00261426531775023
g12670.t4	6.67463359478517	6.35210967618487	1.51022426239403	4.20607047202077	2.59849235915337e-05	0.0084279403120465
g13248.t1	36.9306497541333	2.78984980018827	0.736762087782679	3.78663593913262	0.000152700573019594	0.0301715270138714
g1326.t1	1647.43336452595	6.4509706707261	1.54783266894391	4.16774422724106	3.07628836491222e-05	0.00961479945324382
g13465.t1	15.1483549513437	4.41890891044742	1.04296126993965	4.23688686992481	2.26640255199892e-05	0.00825898154756778
g13468.t1	82.4891579534541	5.684456760892	1.41410295965414	4.01983230576244	5.82395812877194e-05	0.0145092522077666
g13554.t1	502.809335207176	-3.87690287056594	1.07618285803985	-3.60245737200022	0.000315223105123639	0.0492607743370487
g14135.t1	193.852324947598	-1.32539417474974	0.358792956752758	-3.69403621170596	0.000220722348901604	0.0387165018124344
g14136.t1	77.5296719818747	3.4564585976574	0.711010673215493	4.86133152126369	1.16598792956963e-06	0.000903478936215586
g15511.t1	10.9287840949394	5.85018537752318	1.5471620243402	3.7812364093011	0.000156051394391043	0.0304832212452504
g15722.t1	856.955652663374	5.15147593641087	1.2218207925583	4.2162287364782	2.48421789087762e-05	0.00829536668648048
g15793.t1	41.1617250901159	3.11078646890848	0.65426269821034	4.75464439195093	1.98796019508185e-06	0.0011391011917819
g15820.t1	64.1525048141241	4.3130145617563	0.906064045405205	4.76016522631957	1.93434538045527e-06	0.0011391011917819
g16018.t1	546.592951687582	3.58861235143324	0.876784396181375	4.09292451720467	4.25966416484289e-05	0.0114677069117347
g16019.t1	577.631776575148	4.76989466022212	0.808291508885912	5.90120594832993	3.60854114540437e-09	1.03384703815835e-05
g16026.t1	44.9907022278798	3.87746324445337	1.02364115773193	3.78791260508188	0.000151918264759005	0.0301715270138714
g16027.t1	41.4620062781227	3.81880247483283	0.751115822892894	5.08417258489491	3.69232094258459e-07	0.000396693731268932
g16591.t1	170.655290492424	4.78012299481004	1.20167126567603	3.97789572851344	6.9527847410791e-05	0.0161511310404256
g16861.t1	124.009180112818	-1.56025178405788	0.403444059303721	-3.86733116544242	0.000110032957702778	0.0230666651574483
g16890.t1	3660.04063963393	-4.60990779071041	1.12236312893817	-4.10732290811414	4.00271457629209e-05	0.0112797809125346
g17247.t1	313.050442616293	3.00857045977966	0.752590519055157	3.99761940072908	6.39827187874194e-05	0.0150666155610375
g17857.t1	132.718337791626	3.95392093430477	0.96616474308482	4.09238793135888	4.26953602298442e-05	0.0114677069117347
g17943.t1	549.828382119416	3.70169964419778	0.885879798198367	4.17855746538752	2.93363877129635e-05	0.0093387500886267
g18020.t1	368.946545632738	2.39290024428931	0.655845258029114	3.64857443885504	0.000263699499423596	0.0431766343548236
g18021.t1	393.005973691972	2.66843641044295	0.725357047854158	3.67879021557321	0.000234342924782714	0.0406904533031804
g1817.t1	38.2427311229989	2.87302376427648	0.66167201303866	4.3420663223799	1.41148907855575e-05	0.00577702315723173
g19271.t1	16.6684645925833	-7.61611878694754	1.88907130128805	-4.03167354337262	5.53810795689529e-05	0.0142089665341836
g19866.t1	17.0765994208953	4.44673093346722	1.22289745374249	3.63622552312843	0.000276662138756383	0.0448662468417191
g20017.t1	353.963196531574	3.49678828743718	0.720366041076285	4.85418257947403	1.20884325380794e-06	0.000903478936215586
g20018.t1	334.534945278199	3.7543036372239	0.765955656851399	4.90146342499337	9.51253616636562e-07	0.000778669031903928
g20386.t1	78.637950111029	-6.38919875793061	1.74141797819794	-3.66896336084821	0.000243535975105457	0.041785418934858
g20748.t1	105.704669088615	4.25125375956612	0.826327395073527	5.14475713247754	2.67867125515391e-07	0.000306975725840638
g21166.t3	25.5360989306866	-8.22445727978984	1.75575219531927	-4.68429275026153	2.80928252515347e-06	0.00146338080628449
g21236.t1	252.983410992767	6.08844296727651	1.55311164141183	3.92015796220671	8.8490947326806e-05	0.0195020433916384
g21859.t1	16.4595814594018	2.37048790150315	0.609150202436362	3.89146698469791	9.96399490501126e-05	0.0213431372693253
g22157.t1	1603.54403201853	-2.20969232318777	0.592864148039617	-3.72714783056862	0.000193658880430763	0.0357956575763959
g22337.t1	189.238689015545	3.79082061356173	0.919092937187864	4.12452371265136	3.71502718983904e-05	0.0106435528988888
g22338.t1	470.015901843512	4.15816649236734	0.866089129812854	4.80108380215538	1.57809207259661e-06	0.00100471861955318
g22339.t1	703.295002843048	3.33921759039459	0.849899170263132	3.92895734838847	8.5314968228312e-05	0.0192968987347985
g22559.t4	18.5051620623022	-7.75892520283182	1.40059004053484	-5.53975465930698	3.02895688410063e-08	6.50847110471122e-05
g22583.t1	109.264286369035	4.00110667979246	0.99460828880718	4.02279643636485	5.75112005571168e-05	0.0145092522077666
g22781.t1	10.7359387460652	5.82494801004442	1.36132215258352	4.27889019435247	1.87827489466837e-05	0.00701903161724984
g22824.t1	117.467606094651	4.71655780530973	1.00658973757334	4.68568040111385	2.79031395205925e-06	0.00146338080628449
g2285.t3	6.57060061641365	6.32953775370298	1.50160520751307	4.21518100898559	2.49577932157605e-05	0.00829536668648048
g22928.t1	12.5429436892362	6.08420441406997	1.16972566574571	5.20139430316016	1.97798951631608e-07	0.000242868855610525
g23081.t1	44.4823569745318	-3.36863717642195	0.906183686454263	-3.71738889893597	0.000201292460759255	0.0365977912054538
g23169.t1	145.828176470208	-2.07669247159636	0.560311629348845	-3.70631691869352	0.000210295127146253	0.0372677653159184
g23170.t1	109.735179112465	-2.15369713122281	0.447355890758378	-4.81428137130767	1.47730537123354e-06	0.00100471861955318
g23281.t1	31.2796175989411	-22.5698645674865	3.18254101462097	-7.0917749256955	1.32402728948794e-12	1.13800145531489e-08
g23378.t1	106.061638018533	7.42559848192337	1.54440181115325	4.8080741865865	1.52391216860666e-06	0.00100471861955318
g23715.t1	94.7067298496494	5.79876353541711	1.17704868786587	4.92652818459955	8.37035433063359e-07	0.000719431954717957
g23718.t1	105.867488219596	6.07650434106456	1.6097277708105	3.77486457726018	0.000160094611336838	0.03092164459416
g23876.t1	169.695733548232	4.05362288636236	0.923196073343548	4.39085802399627	1.12904246202875e-05	0.00497647177494211
g239.t1	74.9859844049921	5.53155572166545	1.36516610075711	4.05192871299521	5.07971439043737e-05	0.0132883543974251
g24131.t3	42.0726710544026	9.00843918327069	1.3591238329851	6.62812244524111	3.3998340922382e-11	1.46107870113937e-07
g24155.t1	27.2852075245236	6.38316861458169	1.3527830939336	4.71854552529987	2.37536815602641e-06	0.00131717995490626
g2711.t1	150.065229687368	1.87236907962946	0.517384685514844	3.61891090333741	0.00029584546458126	0.0471656221280529
g30.t1	4927.88138669606	-3.92377435480752	1.00888642334208	-3.88921316019841	0.000100569756766454	0.0213431372693253
g3281.t1	178.933814790563	1.59529982242061	0.383335381850659	4.16162947108835	3.15984763416716e-05	0.00969960371988098
g3867.t2	6.9009943572239	6.40056436373905	1.49002858846429	4.29559836186489	1.74222765315917e-05	0.00680656667222865
g3867.t3	8.76956934285894	3.82780658756073	1.0222928179713	3.74433481314764	0.000180872327874947	0.0341669814963774
g3868.t2	62.3169143421236	-4.81278982119186	1.16661602593514	-4.12542748787803	3.70046762414771e-05	0.0106435528988888
g3939.t1	26.701833247212	4.44364654934401	1.01953940343329	4.358484364979	1.3096627676386e-05	0.00549100072578232
g3960.t2	28.32259247647	-8.38033623930597	1.54149352294125	-5.43650434762507	5.43360140455414e-08	8.49123710402596e-05
g3965.t1	12.0053175155665	3.63702557754218	0.954716276185952	3.80953553245362	0.00013922809733775	0.0281568352145404
g4120.t1	4782.13905807625	-2.24997985185447	0.533935281475429	-4.21395612898455	2.50936048689346e-05	0.00829536668648048
g4208.t3	37.9162016477451	8.85833933886878	1.56852737959157	5.6475516169666	1.62748979588752e-08	3.99664994161522e-05
g4391.t1	205.887381845511	3.87326082436105	0.965528040244406	4.01154670078831	6.03222409649236e-05	0.0146047791857329
g474.t1	17.7158744260248	3.83796441810141	0.966241820924599	3.9720537188391	7.1255645481127e-05	0.0163317939442743
g475.t1	50.1556077484981	4.30829420839361	0.785352411704006	5.48581012063839	4.11578809267647e-08	7.86115525701205e-05
g4806.t2	8.58606748818697	6.71561818346324	1.56586375046157	4.28876278762035	1.79671134752473e-05	0.00686343734754448
g5031.t2	49.8513032188148	-1.91441999993724	0.509941380249259	-3.7541962156542	0.00017389860448905	0.0332146334574086
g5221.t1	226.528755429324	3.81890960794666	0.701174151417917	5.44644950220149	5.13851825367069e-08	8.49123710402596e-05
g5364.t1	28.1206345027094	-4.47332522347995	0.981820627944515	-4.5561532281564	5.20989371037641e-06	0.00248772424670473
g5901.t2	145.273398535493	4.23226736172056	0.97901003872089	4.32300711364529	1.53916768783706e-05	0.00615309129160909
g6276.t1	63.1201009274111	3.43285842219431	0.92411950487008	3.71473430016708	0.000203417317325721	0.0365977912054538
g6400.t1	84.8032740195612	3.43463932124625	0.76085325066967	4.51419418688589	6.35579613512929e-06	0.00287516146218086
g7540.t1	28.9133590119118	4.42402450582411	0.965894245902742	4.58023694062836	4.64449456404441e-06	0.00234820181046833
g7563.t1	70.2580234721287	-3.90578797890424	1.08655505669635	-3.59465261776953	0.000324824691135455	0.0498547896483792
g7709.t1	206.688081461505	2.94354151186794	0.764793862122368	3.84880378576701	0.000118696033220177	0.0243332974335747
g782.t1	332.564561389294	6.76904829731373	1.29099442369563	5.24328236673284	1.57744847868212e-07	0.000222791892482146
g7857.t1	487.82945388452	-3.70556202540942	0.926071212874486	-4.00137913142501	6.29743611553652e-05	0.0150351287258434
g7951.t1	60.032853530721	3.38528832883902	0.799741575640713	4.23297779176591	2.30617285795959e-05	0.00825898154756778
g8208.t1	146.153721114257	4.28360136681449	1.03636130169744	4.13330887577377	3.57577659842183e-05	0.0106435528988888
g85.t1	206.627603477394	3.24298893947037	0.873289315575779	3.71353328344822	0.000204385570431854	0.0365977912054538
g8853.t1	822.473438466878	2.78352320520515	0.679073058985403	4.09900402964592	4.14931812481177e-05	0.0114677069117347
g8976.t1	119.785993780955	3.98809983259445	0.58705460065109	6.79340529513155	1.09517141623488e-11	6.27533221502583e-08
g8977.t1	45.3182719707329	4.51497897993852	1.15101064028987	3.92262140930466	8.75907302457892e-05	0.0195020433916384
g9311.t1	11.5158343802149	-7.08280327242478	1.9409673793641	-3.64910989629576	0.000263150520032142	0.0431766343548236
g9455.t1	10.1445418906792	-5.91706922569359	1.47415271732077	-4.01387804409279	5.97292157254927e-05	0.0146047791857329
g9496.t1	50.4108012292369	-7.33974190013009	1.46706611219937	-5.00300691229698	5.64429162164018e-07	0.000539029849866637
g9850.t1	142.346260826642	1.7897169570846	0.490529202800492	3.64854313844493	0.000263731623458783	0.0431766343548236
g9984.t1	156.703108063282	4.06188146087113	0.81372292322558	4.99172549394323	5.98422645060636e-07	0.000541415014136438
