gene	baseMean.x	log2FoldChange.x	lfcSE.x	stat.x	pvalue.x	padj.x	PSC.0149	PSC.0174	PSC.0177	PSC.0186	PSC.0187	PSC.0188	PSC.0190	PSC.0202	PSC.0203	PSC.0209	PSC.0219	PSC.0228	PSC.0230	PSC.0231	V2	uniprotID	geneID	V5	V6	V7	V8	V9	V10	V11	V12	V13	V14	baseMean.y	log2FoldChange.y	lfcSE.y	stat.y	pvalue.y	padj.y	GOID	Biological_Process	P
g15192.t1	64.76686163	5.441603821	1.335236072	4.075387067	4.59e-05	0.012459007	4	5	3	0	851	3	0	1	2	0	26	30	0	0	NA	NA	NA	NA	NA	NA	NA	NA	NA	NA	NA	NA	NA	NA	NA	NA	NA	NA	NA	NA	NA	NA
g47.t1	18.88630425	1.955451741	0.469016495	4.169260067	3.06e-05	0.009357466	5	11	15	3	32	49	8	1	4	8	32	47	37	21	NA	NA	NA	NA	NA	NA	NA	NA	NA	NA	NA	NA	NA	NA	NA	NA	NA	NA	NA	NA	NA	NA
g20804.t1	9.942865235	4.214995892	1.117096722	3.773170049	0.000161186	0.029430348	3	3	2	0	88	1	0	0	1	1	23	21	3	0	NA	NA	NA	NA	NA	NA	NA	NA	NA	NA	NA	NA	NA	NA	NA	NA	NA	NA	NA	NA	NA	NA
g290.t2	1320.136988	-1.169953395	0.252581651	-4.63198095	3.62e-06	0.002561441	1753	877	900	2124	531	770	1222	2255	1414	2339	867	1249	1030	1072	NA	NA	NA	NA	NA	NA	NA	NA	NA	NA	NA	NA	NA	NA	NA	NA	NA	NA	NA	NA	NA	NA
g9649.t1	3249.663084	-2.084597886	0.497310598	-4.191742333	2.77e-05	0.008907514	4639	6648	295	258	954	1309	6445	1068	725	2843	730	2001	413	6889	sp	Q0D4Z6	GH38_ORYSJ	27.728	559	366	16	298	1896	42	588	3.54e-47	179	NA	NA	NA	NA	NA	NA	NA	NA	NA
g8019.t3	2.487423048	4.825541994	1.102314094	4.377647008	1.2e-05	0.004938362	0	0	4	0	10	8	0	0	0	0	3	4	12	0	sp	Q80YS5	LRC27_MOUSE	47.541	122	63	1	103	468	58	178	3.01e-26	114	NA	NA	NA	NA	NA	NA	NA	NA	NA
g22928.t1	12.88057929	4.156058744	0.912303488	4.555565989	5.22e-06	0.003099581	1	1	0	1	52	40	0	2	5	2	36	41	16	0	NA	NA	NA	NA	NA	NA	NA	NA	NA	NA	NA	NA	NA	NA	NA	NA	NA	NA	NA	NA	NA	NA
g16046.t1	145.5113062	2.981804315	0.824555956	3.616254656	0.000298896	0.042988993	30	0	67	34	403	378	27	86	58	0	210	619	316	22	NA	NA	NA	NA	NA	NA	NA	NA	NA	NA	NA	NA	NA	NA	NA	NA	NA	NA	NA	NA	NA	NA
g23102.t1	337.6027382	-2.125077487	0.473750774	-4.48564436	7.27e-06	0.00384847	342	51	35	614	90	122	370	1076	501	575	177	126	305	401	NA	NA	NA	NA	NA	NA	NA	NA	NA	NA	NA	NA	NA	NA	NA	NA	NA	NA	NA	NA	NA	NA
g11693.t1	107.0464244	-1.629430661	0.413648261	-3.939169621	8.18e-05	0.01847277	175	180	16	59	44	86	183	104	16	125	32	73	54	129	NA	NA	NA	NA	NA	NA	NA	NA	NA	NA	NA	NA	NA	NA	NA	NA	NA	NA	NA	NA	NA	NA
g14873.t1	239.2957173	2.398285983	0.650124332	3.68896512	0.000225168	0.036028632	25	21	257	85	146	624	30	163	554	53	208	668	1138	21	NA	NA	NA	NA	NA	NA	NA	NA	NA	NA	NA	NA	NA	NA	NA	NA	NA	NA	NA	NA	NA	NA
g12314.t1	14.20143626	3.854054126	0.98189331	3.925125149	8.67e-05	0.018916187	3	3	3	1	153	9	0	0	2	0	5	23	2	0	sp	Q6NZ13	NBL1_DANRE	50.962	104	50	1	127	438	25	127	9.72e-33	117	NA	NA	NA	NA	NA	NA	NA	NA	NA
g2188.t1	25.15098251	3.457800156	0.935585595	3.695867247	0.000219137	0.035967184	6	4	8	2	3	154	0	9	18	1	11	29	193	1	NA	NA	NA	NA	NA	NA	NA	NA	NA	NA	NA	NA	NA	NA	NA	NA	NA	NA	NA	NA	NA	NA
g21577.t1	152.9184477	-1.277386357	0.312984375	-4.081310316	4.48e-05	0.012445382	267	154	41	97	186	97	139	85	86	210	52	105	77	336	sp	Q9YHT4	HEM0_DANRE	53.819	576	237	9	16	1680	5	572	0	600	NA	NA	NA	NA	NA	NA	NA	NA	NA
g23422.t1	225.1904738	4.077037479	1.072628078	3.800979632	0.000144125	0.028073482	16	13	6	12	2642	16	4	3	23	0	23	458	19	2	sp	Q761V0	SC6A5_MOUSE	49.068	644	286	6	4	1929	167	770	0	618	NA	NA	NA	NA	NA	NA	NA	NA	NA
g15722.t1	665.9501702	4.421571081	0.87440916	5.056638565	4.27e-07	0.000623162	10	12	22	55	6606	113	24	29	21	51	416	2182	71	56	sp	P0DSP1	SORL_RAT	28.444	559	253	24	934	2562	1122	1549	6.17e-27	123	NA	NA	NA	NA	NA	NA	NA	NA	NA
g15722.t1	665.9501702	4.421571081	0.87440916	5.056638565	4.27e-07	0.000623162	10	12	22	55	6606	113	24	29	21	51	416	2182	71	56	sp	P0DSP1	SORL_RAT	26.685	371	173	13	937	2037	1281	1556	2.08e-21	95.1	NA	NA	NA	NA	NA	NA	NA	NA	NA
g15722.t1	665.9501702	4.421571081	0.87440916	5.056638565	4.27e-07	0.000623162	10	12	22	55	6606	113	24	29	21	51	416	2182	71	56	sp	P0DSP1	SORL_RAT	48	25	13	0	762	836	1247	1271	2.08e-21	30.8	NA	NA	NA	NA	NA	NA	NA	NA	NA
g15722.t1	665.9501702	4.421571081	0.87440916	5.056638565	4.27e-07	0.000623162	10	12	22	55	6606	113	24	29	21	51	416	2182	71	56	sp	P0DSP1	SORL_RAT	25.989	531	222	17	1147	2664	1122	1506	5.46e-21	103	NA	NA	NA	NA	NA	NA	NA	NA	NA
g12819.t1	105.5514823	2.58873038	0.690691283	3.74802816	0.00017823	0.03076092	5	9	15	1	799	196	54	4	8	1	26	205	23	87	sp	P79739	CP26A_DANRE	42.457	464	250	6	109	1461	28	487	5.48e-125	377	NA	NA	NA	NA	NA	NA	NA	NA	NA
g20946.t1	21.71336547	3.869570105	1.049171032	3.688216684	0.000225831	0.036028632	3	2	5	11	154	2	0	11	3	0	71	58	10	0	NA	NA	NA	NA	NA	NA	NA	NA	NA	NA	NA	NA	NA	NA	NA	NA	NA	NA	NA	NA	NA	NA
g14541.t1	211.1764667	1.597871039	0.387143688	4.127333306	3.67e-05	0.010719056	24	20	275	475	155	105	18	337	115	134	1009	161	741	39	sp	Q99K85	SERC_MOUSE	59.452	365	145	1	10	1095	5	369	4.16e-171	484	NA	NA	NA	NA	NA	NA	NA	NA	NA
g13972.t1	59.76992726	6.68329005	1.262078166	5.295464441	1.19e-07	0.00032197	0	25	109	0	323	170	0	0	0	0	78	143	29	0	sp	P70170	ABCC9_MOUSE	37.157	1604	905	27	43	4731	5	1546	0	951	NA	NA	NA	NA	NA	NA	NA	NA	NA
g23708.t1	31.85950907	1.626587674	0.445151471	3.654009432	0.000258177	0.038900683	16	22	55	7	103	55	8	12	37	7	35	61	38	10	sp	Q5UR46	YR571_MIMIV	36.316	190	111	4	175	738	15	196	4.17e-22	100	NA	NA	NA	NA	NA	NA	NA	NA	NA
g15371.t1	8048.224314	-1.128983538	0.244367676	-4.62001995	3.84e-06	0.002561441	7066	4701	6536	12089	2362	2970	4326	17535	12209	24068	8884	4528	9794	3838	NA	NA	NA	NA	NA	NA	NA	NA	NA	NA	NA	NA	NA	NA	NA	NA	NA	NA	NA	NA	NA	NA
g2005.t1	1028.943625	-2.218218997	0.611767598	-3.625917755	0.000287937	0.041728884	4955	257	252	470	113	619	712	336	1327	460	329	254	165	2365	NA	NA	NA	NA	NA	NA	NA	NA	NA	NA	NA	NA	NA	NA	NA	NA	NA	NA	NA	NA	NA	NA
g23749.t1	6.61990144	3.042657129	0.837647589	3.632383318	0.000280816	0.041009873	0	2	1	1	46	6	1	3	2	0	10	16	11	1	sp	P53413	LMX1B_CHICK	57.312	253	81	3	7	684	28	280	3.69e-91	282	NA	NA	NA	NA	NA	NA	NA	NA	NA
g23664.t1	178.8713377	-0.797155629	0.215141127	-3.705268443	0.000211167	0.03516671	208	244	79	200	103	201	164	185	144	222	128	151	200	190	sp	A5D794	GAPD1_BOVIN	48.918	462	158	9	292	1533	982	1413	7.27e-130	413	NA	NA	NA	NA	NA	NA	NA	NA	NA
g15835.t2	16.71974792	4.684173426	1.128601717	4.150422029	3.32e-05	0.009844399	0	7	0	0	90	64	0	0	0	0	12	36	32	8	NA	NA	NA	NA	NA	NA	NA	NA	NA	NA	NA	NA	NA	NA	NA	NA	NA	NA	NA	NA	NA	NA
g3275.t1	9.009904415	2.400042722	0.631652316	3.799626254	0.000144914	0.028073482	0	0	27	10	11	6	0	16	5	1	25	6	50	2	sp	D3ZVM4	LIN41_RAT	54.795	803	297	7	94	2316	57	855	0	860	NA	NA	NA	NA	NA	NA	NA	NA	NA
g10969.t1	365.5937055	5.433864233	1.069882745	5.07893436	3.8e-07	0.000623162	5	11	5	19	4319	11	2	3	7	5	114	752	3	6	NA	NA	NA	NA	NA	NA	NA	NA	NA	NA	NA	NA	NA	NA	NA	NA	NA	NA	NA	NA	NA	NA
g23101.t1	20.2370349	-2.524441922	0.509264699	-4.957033005	7.16e-07	0.000849316	20	4	5	39	5	6	25	66	26	19	9	5	8	37	NA	NA	NA	NA	NA	NA	NA	NA	NA	NA	NA	NA	NA	NA	NA	NA	NA	NA	NA	NA	NA	NA
g1326.t1	1246.743024	6.035318434	1.095922615	5.507066238	3.65e-08	0.000173173	28	14	32	50	15268	31	1	6	21	2	254	2166	40	10	sp	Q94637	VIT6_OSCTI	21.079	1001	655	32	358	3231	110	1018	1.7e-31	139	NA	NA	NA	NA	NA	NA	NA	NA	NA
g13916.t2	27.6007007	4.206549792	0.949684795	4.429416807	9.45e-06	0.004407417	32	38	59	0	49	55	4	0	0	0	11	82	61	12	sp	Q9UL03	INT6_HUMAN	51.856	943	380	14	1	2778	1	886	0	884	NA	NA	NA	NA	NA	NA	NA	NA	NA
g20748.t1	79.85432082	3.181291049	0.865569635	3.675372749	0.000237502	0.036958877	5	7	0	3	604	197	3	7	11	0	15	248	29	22	sp	Q9GLY5	ITIH3_RABIT	31.481	918	561	24	241	2919	29	903	2.65e-122	397	NA	NA	NA	NA	NA	NA	NA	NA	NA
g16019.t1	548.0007122	3.289603491	0.785807757	4.186270064	2.84e-05	0.008972815	45	19	157	162	2439	1001	98	315	121	2	442	2507	1117	18	NA	NA	NA	NA	NA	NA	NA	NA	NA	NA	NA	NA	NA	NA	NA	NA	NA	NA	NA	NA	NA	NA
g9872.t1	335.1397215	-1.074647681	0.298012026	-3.606054747	0.000310888	0.043542565	157	160	419	1088	24	64	80	748	572	742	469	82	807	76	sp	Q07537	GALT1_BOVIN	38.462	507	296	8	232	1740	54	548	2.25e-121	373	NA	NA	NA	NA	NA	NA	NA	NA	NA
g12334.t1	6.080867805	4.241698733	1.096046742	3.86999803	0.000108836	0.022199512	1	1	4	0	55	15	0	1	0	0	3	7	0	0	NA	NA	NA	NA	NA	NA	NA	NA	NA	NA	NA	NA	NA	NA	NA	NA	NA	NA	NA	NA	NA	NA
g22338.t1	366.7567766	2.696464285	0.705366199	3.822786359	0.000131952	0.026369585	63	96	21	70	3530	269	15	42	53	27	92	852	122	41	sp	P0C6B8	SVEP1_RAT	28.997	1007	591	24	1534	4269	437	1414	5.93e-111	393	NA	NA	NA	NA	NA	NA	NA	NA	NA
g22338.t1	366.7567766	2.696464285	0.705366199	3.822786359	0.000131952	0.026369585	63	96	21	70	3530	269	15	42	53	27	92	852	122	41	sp	P0C6B8	SVEP1_RAT	37.846	325	181	5	3235	4161	1097	1416	4.65e-56	219	NA	NA	NA	NA	NA	NA	NA	NA	NA
g21823.t1	59.24072363	5.142161834	1.128032618	4.558522292	5.15e-06	0.003099581	3	5	4	3	530	12	0	1	0	3	177	120	0	11	sp	Q9D7Z6	CLCA1_MOUSE	34.479	844	471	23	70	2562	23	797	3.08e-137	434	NA	NA	NA	NA	NA	NA	NA	NA	NA
g14601.t1	43.31877733	7.010137326	1.546413929	4.533157129	5.81e-06	0.003244679	0	1	1	0	520	1	0	0	2	0	38	62	0	0	sp	P21836	ACES_MOUSE	36.348	575	317	16	160	1824	60	605	2.79e-108	342	NA	NA	NA	NA	NA	NA	NA	NA	NA
g9311.t1	38.10438953	-3.48347851	0.833011438	-4.181789531	2.89e-05	0.009001493	4	20	12	45	0	0	23	33	172	134	39	0	50	34	sp	Q866N2	MYOC_RABIT	37.069	232	137	4	2305	2985	260	487	1.34e-32	136	NA	NA	NA	NA	NA	NA	NA	NA	NA
g4312.t1	641.9727104	-1.517393764	0.424144806	-3.577537064	0.000346847	0.046874259	340	548	312	891	144	331	1195	664	618	975	510	275	630	723	sp	Q8BSL4	HS3S5_MOUSE	27.152	302	176	9	223	1110	79	342	1.79e-26	111	NA	NA	NA	NA	NA	NA	NA	NA	NA
g5221.t1	264.4412778	2.463532247	0.563282939	4.373525412	1.22e-05	0.004938362	79	33	228	226	219	838	26	103	106	224	196	1154	755	16	NA	NA	NA	NA	NA	NA	NA	NA	NA	NA	NA	NA	NA	NA	NA	NA	NA	NA	NA	NA	NA	NA
g275.t1	572.6751604	-0.534838667	0.147239899	-3.632430277	0.000280764	0.041009873	631	532	443	777	570	506	505	652	605	505	454	494	661	575	sp	Q80Y55	BSDC1_MOUSE	49.048	210	97	4	46	651	9	216	3.2e-62	211	NA	NA	NA	NA	NA	NA	NA	NA	NA
g2626.t1	527.7816894	3.864470467	0.996698865	3.877269858	0.000105635	0.022038283	8	15	18	11	6440	39	3	3	6	8	111	604	6	215	NA	NA	NA	NA	NA	NA	NA	NA	NA	NA	NA	NA	NA	NA	NA	NA	NA	NA	NA	NA	NA	NA
g5505.t1	539.1948764	-1.59119828	0.400910796	-3.968958424	7.22e-05	0.016511798	1030	842	97	54	251	420	1151	340	235	143	94	305	115	833	NA	NA	NA	NA	NA	NA	NA	NA	NA	NA	NA	NA	NA	NA	NA	NA	NA	NA	NA	NA	NA	NA
g22337.t1	143.3445474	2.791016204	0.684242252	4.078988392	4.52e-05	0.012445382	22	29	15	12	1399	119	11	20	27	8	40	306	32	16	sp	P16581	LYAM2_HUMAN	30.462	325	197	9	925	1875	239	542	5.43e-27	120	NA	NA	NA	NA	NA	NA	NA	NA	NA
g22337.t1	143.3445474	2.791016204	0.684242252	4.078988392	4.52e-05	0.012445382	22	29	15	12	1399	119	11	20	27	8	40	306	32	16	sp	P16581	LYAM2_HUMAN	29.48	346	210	14	922	1923	176	499	7.17e-23	107	NA	NA	NA	NA	NA	NA	NA	NA	NA
g14316.t1	24.99222572	1.841476657	0.51735872	3.559380726	0.00037173	0.048671034	5	6	15	18	65	79	2	22	11	9	10	66	66	14	sp	P50532	SMC4_XENLA	51.736	1210	557	7	64	3627	74	1278	0	1058	NA	NA	NA	NA	NA	NA	NA	NA	NA
g17510.t1	9.595028278	3.872997455	1.000323954	3.871743188	0.00010806	0.022199512	0	0	1	1	35	10	1	2	0	0	4	86	1	1	NA	NA	NA	NA	NA	NA	NA	NA	NA	NA	NA	NA	NA	NA	NA	NA	NA	NA	NA	NA	NA	NA
g20860.t1	114.3876968	2.917638878	0.77326989	3.773118434	0.00016122	0.029430348	15	17	15	8	62	492	25	12	12	6	0	897	103	18	NA	NA	NA	NA	NA	NA	NA	NA	NA	NA	NA	NA	NA	NA	NA	NA	NA	NA	NA	NA	NA	NA
g11097.t1	74.28775795	2.648919193	0.562336772	4.710556599	2.47e-06	0.001954199	15	12	25	23	270	186	6	46	15	18	40	376	80	7	NA	NA	NA	NA	NA	NA	NA	NA	NA	NA	NA	NA	NA	NA	NA	NA	NA	NA	NA	NA	NA	NA
g3465.t1	131.4926602	-6.112731836	1.347925649	-4.534917666	5.76e-06	0.003244679	145	159	0	591	0	0	84	782	0	79	2	30	0	103	sp	Q9TXQ1	TNKS1_CAEEL	32.081	692	406	24	1072	3021	102	771	2.1e-63	245	NA	NA	NA	NA	NA	NA	NA	NA	NA
g3465.t1	131.4926602	-6.112731836	1.347925649	-4.534917666	5.76e-06	0.003244679	145	159	0	591	0	0	84	782	0	79	2	30	0	103	sp	Q9TXQ1	TNKS1_CAEEL	33.705	448	263	11	5851	7170	1786	2207	2.31e-57	225	NA	NA	NA	NA	NA	NA	NA	NA	NA
g23587.t1	8.560792928	2.370861981	0.662886932	3.576570706	0.000348131	0.046874259	0	5	15	2	38	14	1	9	2	1	5	21	15	2	sp	P62287	ASPM_COLGU	30.344	1048	561	21	43	3000	2533	3473	2.51e-106	369	NA	NA	NA	NA	NA	NA	NA	NA	NA
g23587.t1	8.560792928	2.370861981	0.662886932	3.576570706	0.000348131	0.046874259	0	5	15	2	38	14	1	9	2	1	5	21	15	2	sp	P62287	ASPM_COLGU	25.618	769	495	12	25	2241	1629	2350	1.22e-38	161	NA	NA	NA	NA	NA	NA	NA	NA	NA
g23587.t1	8.560792928	2.370861981	0.662886932	3.576570706	0.000348131	0.046874259	0	5	15	2	38	14	1	9	2	1	5	21	15	2	sp	P62287	ASPM_COLGU	25.119	840	481	14	13	2277	1940	2716	8.05e-38	158	NA	NA	NA	NA	NA	NA	NA	NA	NA
g23587.t1	8.560792928	2.370861981	0.662886932	3.576570706	0.000348131	0.046874259	0	5	15	2	38	14	1	9	2	1	5	21	15	2	sp	P62287	ASPM_COLGU	28.222	613	374	12	4	1770	2374	2944	1.46e-34	148	NA	NA	NA	NA	NA	NA	NA	NA	NA
g23587.t1	8.560792928	2.370861981	0.662886932	3.576570706	0.000348131	0.046874259	0	5	15	2	38	14	1	9	2	1	5	21	15	2	sp	P62287	ASPM_COLGU	25.401	811	494	16	22	2238	1797	2568	1.14e-32	142	NA	NA	NA	NA	NA	NA	NA	NA	NA
g23587.t1	8.560792928	2.370861981	0.662886932	3.576570706	0.000348131	0.046874259	0	5	15	2	38	14	1	9	2	1	5	21	15	2	sp	P62287	ASPM_COLGU	25.776	838	473	20	40	2277	1268	2048	7.48e-32	139	NA	NA	NA	NA	NA	NA	NA	NA	NA
g23587.t1	8.560792928	2.370861981	0.662886932	3.576570706	0.000348131	0.046874259	0	5	15	2	38	14	1	9	2	1	5	21	15	2	sp	P62287	ASPM_COLGU	26.123	601	383	13	532	2280	1346	1903	3.75e-27	124	NA	NA	NA	NA	NA	NA	NA	NA	NA
g23587.t1	8.560792928	2.370861981	0.662886932	3.576570706	0.000348131	0.046874259	0	5	15	2	38	14	1	9	2	1	5	21	15	2	sp	P62287	ASPM_COLGU	27.332	611	351	20	40	1773	2667	3217	6.58e-24	113	NA	NA	NA	NA	NA	NA	NA	NA	NA
g24131.t3	44.11114009	5.821616535	1.31477647	4.427837484	9.52e-06	0.004407417	0	0	0	18	270	55	0	4	39	27	50	132	95	0	sp	P10040	CRB_DROME	32.7	2052	1091	71	76	5547	80	2069	0	865	NA	NA	NA	NA	NA	NA	NA	NA	NA
g24131.t3	44.11114009	5.821616535	1.31477647	4.427837484	9.52e-06	0.004407417	0	0	0	18	270	55	0	4	39	27	50	132	95	0	sp	P10040	CRB_DROME	33.183	663	320	25	4675	6390	349	979	4.41e-67	256	NA	NA	NA	NA	NA	NA	NA	NA	NA
g24131.t3	44.11114009	5.821616535	1.31477647	4.427837484	9.52e-06	0.004407417	0	0	0	18	270	55	0	4	39	27	50	132	95	0	sp	P10040	CRB_DROME	28.52	831	449	29	4102	6396	90	841	4.19e-66	253	NA	NA	NA	NA	NA	NA	NA	NA	NA
g24131.t3	44.11114009	5.821616535	1.31477647	4.427837484	9.52e-06	0.004407417	0	0	0	18	270	55	0	4	39	27	50	132	95	0	sp	P10040	CRB_DROME	38.601	386	209	10	5488	6600	1774	2146	3.06e-48	195	NA	NA	NA	NA	NA	NA	NA	NA	NA
g24131.t3	44.11114009	5.821616535	1.31477647	4.427837484	9.52e-06	0.004407417	0	0	0	18	270	55	0	4	39	27	50	132	95	0	sp	P10040	CRB_DROME	31.746	504	244	18	4693	6018	554	1019	2.04e-47	192	NA	NA	NA	NA	NA	NA	NA	NA	NA
g24131.t3	44.11114009	5.821616535	1.31477647	4.427837484	9.52e-06	0.004407417	0	0	0	18	270	55	0	4	39	27	50	132	95	0	sp	P10040	CRB_DROME	33.493	418	221	11	4678	5787	611	1019	7.87e-46	187	NA	NA	NA	NA	NA	NA	NA	NA	NA
g24131.t3	44.11114009	5.821616535	1.31477647	4.427837484	9.52e-06	0.004407417	0	0	0	18	270	55	0	4	39	27	50	132	95	0	sp	P10040	CRB_DROME	35.294	340	191	8	1315	2310	1760	2078	1.95e-41	172	NA	NA	NA	NA	NA	NA	NA	NA	NA
g24131.t3	44.11114009	5.821616535	1.31477647	4.427837484	9.52e-06	0.004407417	0	0	0	18	270	55	0	4	39	27	50	132	95	0	sp	P10040	CRB_DROME	35.135	333	193	9	697	1656	1751	2073	5.29e-39	164	NA	NA	NA	NA	NA	NA	NA	NA	NA
g24131.t3	44.11114009	5.821616535	1.31477647	4.427837484	9.52e-06	0.004407417	0	0	0	18	270	55	0	4	39	27	50	132	95	0	sp	P10040	CRB_DROME	36.306	314	172	13	1111	1998	1768	2071	2.77e-33	145	NA	NA	NA	NA	NA	NA	NA	NA	NA
g24131.t3	44.11114009	5.821616535	1.31477647	4.427837484	9.52e-06	0.004407417	0	0	0	18	270	55	0	4	39	27	50	132	95	0	sp	P10040	CRB_DROME	33.138	341	200	10	1165	2133	1748	2078	4.04e-33	145	NA	NA	NA	NA	NA	NA	NA	NA	NA
g24131.t3	44.11114009	5.821616535	1.31477647	4.427837484	9.52e-06	0.004407417	0	0	0	18	270	55	0	4	39	27	50	132	95	0	sp	P10040	CRB_DROME	36.877	301	158	11	1855	2679	1786	2080	2.59e-29	132	NA	NA	NA	NA	NA	NA	NA	NA	NA
g24131.t3	44.11114009	5.821616535	1.31477647	4.427837484	9.52e-06	0.004407417	0	0	0	18	270	55	0	4	39	27	50	132	95	0	sp	P10040	CRB_DROME	30.522	249	118	5	5677	6405	270	469	8.4e-22	108	NA	NA	NA	NA	NA	NA	NA	NA	NA
g21166.t2	8.853456424	6.630821951	1.760678258	3.76606113	0.000165843	0.029727435	0	0	0	0	56	0	0	0	0	0	25	27	39	0	sp	Q0VG85	CC162_MOUSE	34.664	952	508	14	4117	6795	1	897	1.23e-137	459	NA	NA	NA	NA	NA	NA	NA	NA	NA
g18616.t1	27.09045828	3.10327727	0.868183869	3.574447051	0.000350969	0.046923543	1	2	9	9	242	6	6	1	1	0	9	86	12	6	NA	NA	NA	NA	NA	NA	NA	NA	NA	NA	NA	NA	NA	NA	NA	NA	NA	NA	NA	NA	NA	NA
g5989.t1	28.45799125	1.609807203	0.442759927	3.635846662	0.000277069	0.041009873	14	8	45	36	45	47	3	23	42	10	39	57	88	2	sp	Q9CPU4	MGST3_MOUSE	47.407	135	68	1	19	414	3	137	5.85e-31	111	NA	NA	NA	NA	NA	NA	NA	NA	NA
g11068.t1	11.63961301	2.005867088	0.43083353	4.655782218	3.23e-06	0.002450986	3	8	13	7	26	29	0	6	2	4	15	25	36	8	sp	Q9NQS7	INCE_HUMAN	51.2	125	53	4	3148	3516	785	903	6.09e-24	113	NA	NA	NA	NA	NA	NA	NA	NA	NA
g3867.t2	8.858295441	3.918892615	0.971021242	4.03584643	5.44e-05	0.013617126	0	0	13	0	18	25	0	5	9	2	24	32	9	0	sp	Q9PVK4	LDHBA_DANRE	64.407	236	84	0	19	726	6	241	2.16e-107	316	NA	NA	NA	NA	NA	NA	NA	NA	NA
g9442.t2	23.35131973	5.659276907	1.272380875	4.447785266	8.68e-06	0.004233439	10	0	0	0	88	90	0	0	0	0	28	104	32	0	sp	Q9BY12	SCAPE_HUMAN	41.227	1499	715	35	286	4632	12	1394	0	809	NA	NA	NA	NA	NA	NA	NA	NA	NA
g10994.t1	9.466577484	3.927674686	1.056891445	3.716251754	0.0002022	0.033971409	0	0	1	0	59	9	2	0	3	0	11	49	3	1	NA	NA	NA	NA	NA	NA	NA	NA	NA	NA	NA	NA	NA	NA	NA	NA	NA	NA	NA	NA	NA	NA
g23106.t1	209.4077083	-1.963451361	0.46628502	-4.210839456	2.54e-05	0.008474088	118	54	21	388	49	75	211	769	339	357	149	94	181	229	NA	NA	NA	NA	NA	NA	NA	NA	NA	NA	NA	NA	NA	NA	NA	NA	NA	NA	NA	NA	NA	NA
g23109.t1	320.3531253	-1.830309169	0.396288585	-4.61862703	3.86e-06	0.002561441	203	158	78	459	69	110	401	1021	468	528	306	124	295	285	NA	NA	NA	NA	NA	NA	NA	NA	NA	NA	NA	NA	NA	NA	NA	NA	NA	NA	NA	NA	NA	NA
g12612.t2	42.59603802	3.121869983	0.773879024	4.034054274	5.48e-05	0.013617126	2	2	37	23	30	68	0	27	29	18	25	323	86	7	sp	E1C3U7	LOXL2_CHICK	35.209	764	407	16	97	2331	53	747	9.09e-149	457	NA	NA	NA	NA	NA	NA	NA	NA	NA
g23715.t1	70.62802616	4.133999362	1.106849651	3.734924033	0.000187772	0.031829007	3	0	0	1	701	23	2	0	1	0	1	277	0	8	NA	NA	NA	NA	NA	NA	NA	NA	NA	NA	NA	NA	NA	NA	NA	NA	NA	NA	NA	NA	NA	NA
g1053.t1	28.99819035	1.933268856	0.433695976	4.457659201	8.29e-06	0.004233439	5	6	50	18	76	51	5	14	28	4	38	55	80	20	sp	Q09LZ8	CBPC6_MOUSE	70.67	433	127	0	49	1347	20	452	0	684	NA	NA	NA	NA	NA	NA	NA	NA	NA
g6700.t1	5765.846097	-1.500636058	0.305200976	-4.916878314	8.79e-07	0.00091428	11633	7345	1257	2747	2055	3594	10676	4122	2323	3733	1791	5795	1854	7981	NA	NA	NA	NA	NA	NA	NA	NA	NA	NA	NA	NA	NA	NA	NA	NA	NA	NA	NA	NA	NA	NA
g3730.t1	263.3183657	-0.676724078	0.139572313	-4.848555293	1.24e-06	0.001180524	274	292	241	351	197	208	154	482	340	258	212	206	307	248	sp	Q9D8T7	SLIRP_MOUSE	48.81	84	43	0	40	291	22	105	4.97e-24	91.7	NA	NA	NA	NA	NA	NA	NA	NA	NA
g8208.t1	118.5842038	2.856472952	0.792587444	3.603984614	0.000313376	0.043542565	4	8	36	17	1021	130	6	4	25	8	60	307	6	61	NA	NA	NA	NA	NA	NA	NA	NA	NA	NA	NA	NA	NA	NA	NA	NA	NA	NA	NA	NA	NA	NA
g12253.t1	66.63811576	2.930339801	0.716242321	4.091268718	4.29e-05	0.012156624	3	2	19	24	564	73	8	16	13	6	56	140	26	18	NA	NA	NA	NA	NA	NA	NA	NA	NA	NA	NA	NA	NA	NA	NA	NA	NA	NA	NA	NA	NA	NA
g6273.t1	32.86078812	-4.450191757	1.235035197	-3.603291443	0.000314213	0.043542565	2	0	5	190	2	0	82	1	119	12	1	5	5	1	sp	Q9QXP4	DONS_MOUSE	32.639	576	294	15	28	1716	9	503	1.84e-78	262	NA	NA	NA	NA	NA	NA	NA	NA	NA
g15129.t1	80.05022615	3.96934414	0.926313056	4.285100068	1.83e-05	0.006799495	0	1	10	17	399	160	1	10	15	0	106	399	61	20	sp	P35760	VA5_VESMC	38.983	177	84	5	55	531	31	201	5.91e-31	115	NA	NA	NA	NA	NA	NA	NA	NA	NA
g15820.t1	54.80169223	3.25018063	0.660700102	4.919297912	8.69e-07	0.00091428	3	5	18	12	348	117	2	5	9	0	38	177	46	25	NA	NA	NA	NA	NA	NA	NA	NA	NA	NA	NA	NA	NA	NA	NA	NA	NA	NA	NA	NA	NA	NA
g20160.t1	14.84393703	1.675692946	0.466876074	3.589160031	0.000331745	0.045638998	5	6	28	15	29	11	0	25	13	7	48	18	36	1	NA	NA	NA	NA	NA	NA	NA	NA	NA	NA	NA	NA	NA	NA	NA	NA	NA	NA	NA	NA	NA	NA
g15181.t1	1546.442033	-1.38468076	0.321690912	-4.304382583	1.67e-05	0.006358155	2995	3264	261	412	543	858	2727	672	409	604	324	1675	447	2303	NA	NA	NA	NA	NA	NA	NA	NA	NA	NA	NA	NA	NA	NA	NA	NA	NA	NA	NA	NA	NA	NA
g11893.t1	18.29741308	3.061514768	0.6826396	4.484818589	7.3e-06	0.00384847	5	4	81	1	55	33	5	7	5	5	11	7	71	0	NA	NA	NA	NA	NA	NA	NA	NA	NA	NA	NA	NA	NA	NA	NA	NA	NA	NA	NA	NA	NA	NA
g4147.t1	7124.448956	-0.88224554	0.210196388	-4.197244061	2.7e-05	0.008843826	11794	7719	4978	8176	4330	6139	5872	12736	5324	5616	3964	6810	6319	7555	sp	Q99814	EPAS1_HUMAN	51.053	190	83	3	79	648	22	201	7.86e-54	188	NA	NA	NA	NA	NA	NA	NA	NA	NA
g11259.t2	15.54037185	4.597425141	1.143379512	4.02090915	5.8e-05	0.014110714	19	8	47	0	9	45	0	0	0	0	54	8	39	9	sp	P35992	PTP10_DROME	38.086	491	274	6	2146	3609	1076	1539	5.61e-93	335	NA	NA	NA	NA	NA	NA	NA	NA	NA
g12308.t1	13.42459703	1.364356085	0.380670992	3.584082089	0.000338266	0.046201254	4	9	30	11	17	19	3	9	9	13	11	28	43	5	NA	NA	NA	NA	NA	NA	NA	NA	NA	NA	NA	NA	NA	NA	NA	NA	NA	NA	NA	NA	NA	NA
g17267.t1	220.0015039	-0.914688733	0.24481822	-3.736195503	0.000186825	0.031829007	409	236	167	268	136	119	172	365	184	252	207	147	242	162	sp	A1L2K1	METRL_XENLA	25.667	300	169	8	70	870	5	283	2.54e-29	116	NA	NA	NA	NA	NA	NA	NA	NA	NA
g17025.t1	1255.601774	-1.460335871	0.374558068	-3.898823693	9.67e-05	0.020853539	1100	644	445	914	870	1071	1342	1438	1337	2008	473	1185	353	2914	sp	Q27433	MEC2_CAEEL	71.318	258	73	1	34	804	112	369	1.01e-105	318	NA	NA	NA	NA	NA	NA	NA	NA	NA
g5607.t1	69.92403105	4.443483887	1.181878299	3.759679732	0.000170131	0.029727435	5	2	3	2	913	1	2	4	0	0	8	55	1	1	sp	Q6ZMT9	DTHD1_HUMAN	33.333	483	255	17	679	2034	178	624	2.04e-61	226	NA	NA	NA	NA	NA	NA	NA	NA	NA
g1664.t1	397.5578372	0.963235319	0.237319721	4.058808572	4.93e-05	0.01297763	328	163	460	322	1049	585	158	369	270	178	461	646	554	271	sp	Q7ZWX9	MIDNB_XENLA	39.206	403	213	8	64	1194	7	403	3.9e-59	203	NA	NA	NA	NA	NA	NA	NA	NA	NA
g782.t1	253.6222731	6.215611426	1.228102989	5.061148356	4.17e-07	0.000623162	3	3	7	4	2775	7	8	0	0	0	70	775	0	4	sp	P17945	HGF_RAT	34.074	405	185	19	109	1290	134	467	1.19e-45	172	NA	NA	NA	NA	NA	NA	NA	NA	NA
g782.t1	253.6222731	6.215611426	1.228102989	5.061148356	4.17e-07	0.000623162	3	3	7	4	2775	7	8	0	0	0	70	775	0	4	sp	P17945	HGF_RAT	31.579	304	145	14	415	1299	134	383	4.85e-24	108	NA	NA	NA	NA	NA	NA	NA	NA	NA
g11353.t1	1636.52761	-1.593319843	0.307045143	-5.189203871	2.11e-07	0.000400954	2360	1523	443	2114	368	732	1536	1980	2076	3045	970	1449	1472	2109	NA	NA	NA	NA	NA	NA	NA	NA	NA	NA	NA	NA	NA	NA	NA	NA	NA	NA	NA	NA	NA	NA
g8842.t1	325.3392111	2.365575602	0.610059873	3.877612191	0.000105487	0.022038283	15	120	64	45	1535	376	26	106	57	16	189	1731	272	222	NA	NA	NA	NA	NA	NA	NA	NA	NA	NA	NA	NA	NA	NA	NA	NA	NA	NA	NA	NA	NA	NA
g3179.t1	17.18292663	7.167665124	1.26743422	5.655256117	1.56e-08	9.85e-05	0	0	0	0	143	35	0	0	0	0	26	34	19	0	sp	Q2V2M9	FHOD3_HUMAN	51.136	528	233	7	4597	6111	889	1414	1.04e-155	523	NA	NA	NA	NA	NA	NA	NA	NA	NA
g17719.t1	66.740993	2.388409952	0.504178061	4.737234989	2.17e-06	0.001788337	10	12	68	21	73	88	9	17	55	10	169	286	197	42	sp	Q8AVH7	EGFL6_XENLA	47.177	248	124	5	106	834	35	280	1.72e-61	219	NA	NA	NA	NA	NA	NA	NA	NA	NA
g9343.t1	165.1720365	-1.744352677	0.474578936	-3.675579645	0.00023731	0.036958877	195	287	61	218	88	94	299	121	192	163	80	120	11	76	NA	NA	NA	NA	NA	NA	NA	NA	NA	NA	NA	NA	NA	NA	NA	NA	NA	NA	NA	NA	NA	NA
g23103.t1	101.2469608	-2.127640228	0.461520545	-4.610066118	4.03e-06	0.002561441	89	27	15	175	17	37	121	337	96	253	63	42	77	85	sp	P22105	TENX_HUMAN	32.897	687	322	40	73	1977	148	747	1.22e-30	133	NA	NA	NA	NA	NA	NA	NA	NA	NA
g9984.t1	133.9759624	3.084031217	0.723356897	4.263498737	2.01e-05	0.007075451	7	10	34	69	503	345	5	30	25	1	93	708	146	41	sp	P16446	PIPNA_RAT	37.453	267	151	8	64	822	2	266	1.73e-47	162	NA	NA	NA	NA	NA	NA	NA	NA	NA
g15793.t1	39.56887715	2.45152568	0.471270291	5.201952527	1.97e-07	0.000400954	8	8	19	14	85	104	7	23	19	10	35	186	89	5	NA	NA	NA	NA	NA	NA	NA	NA	NA	NA	NA	NA	NA	NA	NA	NA	NA	NA	NA	NA	NA	NA
g13468.t1	63.43524155	4.78079007	1.149789916	4.157968343	3.21e-05	0.009676037	0	2	15	0	688	35	0	12	2	0	11	140	8	4	NA	NA	NA	NA	NA	NA	NA	NA	NA	NA	NA	NA	NA	NA	NA	NA	NA	NA	NA	NA	NA	NA
g13330.t1	10.53213694	2.91856926	0.59452354	4.909089485	9.15e-07	0.00091428	3	3	9	3	30	53	1	2	0	0	6	18	21	7	sp	O13067	CND2_XENLA	39.193	694	357	18	169	2175	45	698	5.42e-139	427	NA	NA	NA	NA	NA	NA	NA	NA	NA
g624.t1	166.2936279	-2.032039219	0.569715378	-3.566762105	0.000361419	0.047982835	30	12	99	128	6	13	11	676	175	1039	160	8	288	88	NA	NA	NA	NA	NA	NA	NA	NA	NA	NA	NA	NA	NA	NA	NA	NA	NA	NA	NA	NA	NA	NA
g23714.t2	10.10942592	5.09313566	1.263078086	4.032320502	5.52e-05	0.013617126	0	0	1	1	110	14	0	0	0	0	7	11	0	1	NA	NA	NA	NA	NA	NA	NA	NA	NA	NA	NA	NA	NA	NA	NA	NA	NA	NA	NA	NA	NA	NA
g6492.t1	139.1505953	-1.189335421	0.306053909	-3.886032447	0.000101896	0.021735882	51	31	145	414	20	13	16	586	204	360	248	13	200	17	sp	Q6FHJ7	SFRP4_HUMAN	39.86	286	127	8	13	747	1	282	1.64e-56	189	NA	NA	NA	NA	NA	NA	NA	NA	NA
g4148.t1	14048.88244	-0.861642358	0.204287418	-4.217794556	2.47e-05	0.008363687	22621	13768	8926	14816	8637	11325	12870	22738	9827	12614	7743	14655	13743	16124	sp	Q98SW2	HIF1A_ONCMY	45.54	213	95	2	4	579	228	440	7.65e-57	208	NA	NA	NA	NA	NA	NA	NA	NA	NA
g14455.t1	223.9666686	3.937360779	0.913997871	4.307844585	1.65e-05	0.006358155	44	8	6	3	2711	53	25	0	0	1	34	132	7	105	NA	NA	NA	NA	NA	NA	NA	NA	NA	NA	NA	NA	NA	NA	NA	NA	NA	NA	NA	NA	NA	NA
g10014.t1	75.94390018	-1.987819656	0.381583494	-5.209396334	1.89e-07	0.000400954	67	135	10	42	31	58	79	162	104	57	28	27	39	139	sp	Q07537	GALT1_BOVIN	54.344	587	226	9	22	1764	7	557	0	653	NA	NA	NA	NA	NA	NA	NA	NA	NA
g6847.t1	390.3741219	-0.639568654	0.146828229	-4.355897063	1.33e-05	0.005241563	475	322	340	506	251	285	272	532	438	590	363	321	544	339	sp	Q9UPU7	TBD2B_HUMAN	35.455	990	535	15	256	3126	33	951	0	566	NA	NA	NA	NA	NA	NA	NA	NA	NA
g1749.t1	43.58052134	-3.500320047	0.951203848	-3.679884239	0.00023334	0.03691631	10	76	0	11	3	17	108	38	10	42	0	84	0	74	NA	NA	NA	NA	NA	NA	NA	NA	NA	NA	NA	NA	NA	NA	NA	NA	NA	NA	NA	NA	NA	NA
g11899.t1	203.3337592	2.048374111	0.428380688	4.781667732	1.74e-06	0.001500219	35	110	242	57	648	294	81	34	28	27	79	754	285	225	sp	Q8VI93	OAS3_MOUSE	25.963	701	425	24	4	1965	452	1105	4.65e-43	171	NA	NA	NA	NA	NA	NA	NA	NA	NA
g23985.t2	206.0398712	1.233700547	0.333870807	3.695143512	0.000219763	0.035967184	86	55	194	168	539	179	66	290	180	116	464	226	573	98	sp	P21575	DYN1_RAT	70.893	773	186	4	1	2241	1	760	0	1106	NA	NA	NA	NA	NA	NA	NA	NA	NA
g23108.t1	825.2507148	-1.904666635	0.413256217	-4.608924338	4.05e-06	0.002561441	520	326	173	1268	157	296	1012	2615	1002	1570	620	408	715	893	NA	NA	NA	NA	NA	NA	NA	NA	NA	NA	NA	NA	NA	NA	NA	NA	NA	NA	NA	NA	NA	NA
g12858.t1	29.43600143	4.089679068	1.11747137	3.659761833	0.00025245	0.038651282	1	3	1	2	372	6	1	1	0	0	3	28	0	1	sp	P53452	DRD1L_TAKRU	46.429	308	128	3	187	999	37	344	3.78e-87	276	NA	NA	NA	NA	NA	NA	NA	NA	NA
g23110.t1	106.4205061	-1.877653107	0.427989456	-4.387148049	1.15e-05	0.004938362	74	43	25	197	18	28	130	315	147	146	98	60	81	124	NA	NA	NA	NA	NA	NA	NA	NA	NA	NA	NA	NA	NA	NA	NA	NA	NA	NA	NA	NA	NA	NA
g239.t1	58.48518879	6.310050733	1.439576256	4.383269525	1.17e-05	0.004938362	1	2	0	0	634	7	0	0	0	0	49	143	0	8	NA	NA	NA	NA	NA	NA	NA	NA	NA	NA	NA	NA	NA	NA	NA	NA	NA	NA	NA	NA	NA	NA
g465.t1	5.726339801	3.269924117	0.898962569	3.637441903	0.000275359	0.041009873	0	0	1	2	22	17	1	0	0	0	1	31	6	3	NA	NA	NA	NA	NA	NA	NA	NA	NA	NA	NA	NA	NA	NA	NA	NA	NA	NA	NA	NA	NA	NA
g9978.t1	106.4488486	2.442986747	0.667979822	3.657276264	0.00025491	0.038715669	14	26	55	19	151	203	6	36	95	6	48	775	164	32	sp	O57382	TLL2_XENLA	25.18	417	232	14	436	1533	349	736	4.47e-31	133	NA	NA	NA	NA	NA	NA	NA	NA	NA
g24155.t1	21.75682576	3.86253413	1.046527539	3.69080983	0.000223541	0.036028632	1	2	2	0	203	7	0	3	5	0	4	82	9	1	NA	NA	NA	NA	NA	NA	NA	NA	NA	NA	NA	NA	NA	NA	NA	NA	NA	NA	NA	NA	NA	NA
g14872.t1	861.7448135	2.586920342	0.68509984	3.77597569	0.000159383	0.029430348	53	38	741	326	692	2328	123	502	1596	170	479	2988	4196	116	sp	O93484	CO1A2_ONCMY	33.333	234	143	6	8377	9045	1124	1355	6.12e-34	148	NA	NA	NA	NA	NA	NA	NA	NA	NA
g3945.t1	3.474485279	4.495195922	1.19574394	3.759329879	0.000170369	0.029727435	0	0	2	0	8	20	0	0	1	0	0	15	7	0	sp	P47236	PAX1_CHICK	69.756	205	54	2	28	624	1	203	2.41e-86	258	NA	NA	NA	NA	NA	NA	NA	NA	NA
g10615.t1	179.7565802	-0.609333286	0.152061497	-4.007150381	6.15e-05	0.014404162	145	130	204	395	99	115	78	302	272	263	211	78	320	120	sp	Q19AZ8	THRB_PIG	38.756	209	113	7	472	1056	376	583	1.92e-32	136	NA	NA	NA	NA	NA	NA	NA	NA	NA
g8977.t1	38.53861481	4.493565683	0.901373471	4.985242884	6.19e-07	0.000788768	3	1	0	3	138	49	0	10	3	1	65	279	34	3	NA	NA	NA	NA	NA	NA	NA	NA	NA	NA	NA	NA	NA	NA	NA	NA	NA	NA	NA	NA	NA	NA
g11872.t1	200.6440625	-2.26822355	0.517804047	-4.38046702	1.18e-05	0.004938362	313	230	23	460	19	35	152	789	224	250	155	126	90	57	NA	NA	NA	NA	NA	NA	NA	NA	NA	NA	NA	NA	NA	NA	NA	NA	NA	NA	NA	NA	NA	NA
g16133.t1	27.23633129	1.595574896	0.442482518	3.605961437	0.000310999	0.043542565	3	4	32	9	40	55	8	25	37	23	66	29	90	12	sp	Q9QX29	TRPC5_MOUSE	32.432	370	185	11	1069	2103	468	797	5.67e-50	192	NA	NA	NA	NA	NA	NA	NA	NA	NA
g16133.t1	27.23633129	1.595574896	0.442482518	3.605961437	0.000310999	0.043542565	3	4	32	9	40	55	8	25	37	23	66	29	90	12	sp	Q9QX29	TRPC5_MOUSE	34.025	241	148	4	1	723	230	459	4.54e-26	118	NA	NA	NA	NA	NA	NA	NA	NA	NA
g22445.t1	397.5598048	-0.797601034	0.186547312	-4.275596492	1.91e-05	0.006828375	338	263	320	593	245	264	235	628	712	696	465	162	586	340	sp	A2RT67	DEND3_MOUSE	31.226	1313	744	38	331	3966	11	1265	4.46e-177	566	NA	NA	NA	NA	NA	NA	NA	NA	NA
g7540.t1	26.69733504	3.412911731	0.774858438	4.404561611	1.06e-05	0.004791363	2	1	13	7	179	31	1	10	15	0	26	80	38	3	NA	NA	NA	NA	NA	NA	NA	NA	NA	NA	NA	NA	NA	NA	NA	NA	NA	NA	NA	NA	NA	NA
g23100.t1	230.7032805	-1.753355304	0.453345618	-3.867590722	0.000109916	0.022199512	256	33	44	424	119	80	301	578	330	307	135	138	186	246	NA	NA	NA	NA	NA	NA	NA	NA	NA	NA	NA	NA	NA	NA	NA	NA	NA	NA	NA	NA	NA	NA
g7857.t1	3092.570548	-2.391476243	0.6091329	-3.92603362	8.64e-05	0.018916187	1495	422	3881	8298	38	142	566	17336	6327	5642	1952	48	6212	56	sp	P42577	FRIS_LYMST	46.341	164	52	1	28	411	7	170	1.02e-46	152	NA	NA	NA	NA	NA	NA	NA	NA	NA
g6502.t1	449.8333652	5.434152531	1.221905495	4.447277268	8.7e-06	0.004233439	8	5	15	4	5002	155	1	0	0	0	192	807	2	210	NA	NA	NA	NA	NA	NA	NA	NA	NA	NA	NA	NA	NA	NA	NA	NA	NA	NA	NA	NA	NA	NA
g23670.t1	54.55177087	4.79753254	1.131680847	4.239298168	2.24e-05	0.007739656	1	0	4	0	607	22	1	4	2	0	58	72	1	12	NA	NA	NA	NA	NA	NA	NA	NA	NA	NA	NA	NA	NA	NA	NA	NA	NA	NA	NA	NA	NA	NA
g5197.t1	27.17620729	-2.543415637	0.676642061	-3.758879006	0.000170676	0.029727435	13	7	19	12	3	1	19	131	58	119	17	5	4	3	NA	NA	NA	NA	NA	NA	NA	NA	NA	NA	NA	NA	NA	NA	NA	NA	NA	NA	NA	NA	NA	NA
g3840.t1	11.6200458	3.114624219	0.766122937	4.065436588	4.79e-05	0.012819589	4	4	3	3	44	18	4	2	1	0	43	39	3	1	NA	NA	NA	NA	NA	NA	NA	NA	NA	NA	NA	NA	NA	NA	NA	NA	NA	NA	NA	NA	NA	NA
g18244.t1	103.948849	-1.929527609	0.508526138	-3.794352863	0.000148029	0.028387184	87	141	4	7	59	103	260	35	27	64	10	110	8	186	NA	NA	NA	NA	NA	NA	NA	NA	NA	NA	NA	NA	NA	NA	NA	NA	NA	NA	NA	NA	NA	NA
g21563.t1	45.51003855	4.47601968	1.116683378	4.008315846	6.12e-05	0.014404162	0	1	2	0	516	24	0	0	2	3	22	68	5	10	NA	NA	NA	NA	NA	NA	NA	NA	NA	NA	NA	NA	NA	NA	NA	NA	NA	NA	NA	NA	NA	NA
g12333.t1	36.5998169	4.984819021	1.164600515	4.280282341	1.87e-05	0.006814752	1	0	8	0	417	9	7	1	0	0	15	58	0	2	NA	NA	NA	NA	NA	NA	NA	NA	NA	NA	NA	NA	NA	NA	NA	NA	NA	NA	NA	NA	NA	NA
g23718.t1	78.59170285	5.480957976	1.339112441	4.09297816	4.26e-05	0.012156624	1	1	3	3	963	2	0	0	0	0	0	151	2	2	NA	NA	NA	NA	NA	NA	NA	NA	NA	NA	NA	NA	NA	NA	NA	NA	NA	NA	NA	NA	NA	NA
g22624.t1	25.33165498	3.529873753	0.931018574	3.791410665	0.000149794	0.028438397	5	1	6	10	180	2	0	7	5	1	54	99	5	3	sp	Q2PC93	SSPO_CHICK	34.068	1180	696	31	124	3591	194	1315	1.04e-166	577	NA	NA	NA	NA	NA	NA	NA	NA	NA
g22624.t1	25.33165498	3.529873753	0.931018574	3.791410665	0.000149794	0.028438397	5	1	6	10	180	2	0	7	5	1	54	99	5	3	sp	Q2PC93	SSPO_CHICK	34.267	464	274	16	961	2328	910	1350	1.16e-55	220	NA	NA	NA	NA	NA	NA	NA	NA	NA
g22624.t1	25.33165498	3.529873753	0.931018574	3.791410665	0.000149794	0.028438397	5	1	6	10	180	2	0	7	5	1	54	99	5	3	sp	Q2PC93	SSPO_CHICK	26.069	725	437	26	2638	4686	193	860	9.39e-42	174	NA	NA	NA	NA	NA	NA	NA	NA	NA
g22624.t1	25.33165498	3.529873753	0.931018574	3.791410665	0.000149794	0.028438397	5	1	6	10	180	2	0	7	5	1	54	99	5	3	sp	Q2PC93	SSPO_CHICK	28.535	396	256	10	106	1275	542	916	1.33e-37	160	NA	NA	NA	NA	NA	NA	NA	NA	NA
g22624.t1	25.33165498	3.529873753	0.931018574	3.791410665	0.000149794	0.028438397	5	1	6	10	180	2	0	7	5	1	54	99	5	3	sp	Q2PC93	SSPO_CHICK	28.841	371	240	11	124	1224	1000	1350	2.53e-35	152	NA	NA	NA	NA	NA	NA	NA	NA	NA
g5031.t2	57.31792724	-1.222066385	0.32475345	-3.763058975	0.000167848	0.029727435	77	51	32	77	24	20	55	109	47	114	68	30	66	37	sp	Q0VC16	TGO1_BOVIN	28.962	549	332	11	196	1722	1157	1687	3.34e-44	174	NA	NA	NA	NA	NA	NA	NA	NA	NA
g11894.t2	14.950903	-7.084710346	1.767987693	-4.007217005	6.14e-05	0.014404162	0	16	0	22	0	0	0	0	17	150	0	0	0	16	sp	Q8BXR5	NALCN_MOUSE	51.817	1789	727	27	13	5148	3	1733	0	1676	NA	NA	NA	NA	NA	NA	NA	NA	NA
g11890.t1	464.2194914	2.658682413	0.726385087	3.660155559	0.000252062	0.038651282	35	14	8	10	2218	1325	47	7	21	10	101	2318	22	416	NA	NA	NA	NA	NA	NA	NA	NA	NA	NA	NA	NA	NA	NA	NA	NA	NA	NA	NA	NA	NA	NA
g10608.t1	639.1143568	6.201530486	1.143266303	5.424397157	5.82e-08	0.000220797	5	8	14	28	7235	17	2	2	9	0	176	1712	12	8	sp	Q8WPD0	LECG_PATPE	37.838	148	85	4	460	897	26	168	2.05e-26	105	NA	NA	NA	NA	NA	NA	NA	NA	NA
g21236.t1	191.6518879	6.704133146	1.345162302	4.983884203	6.23e-07	0.000788768	4	4	1	2	2253	3	0	0	0	0	68	416	0	7	sp	Q95218	DMBT1_RABIT	42.92	226	121	3	397	1062	701	922	3.59e-46	172	NA	NA	NA	NA	NA	NA	NA	NA	NA
g21236.t1	191.6518879	6.704133146	1.345162302	4.983884203	6.23e-07	0.000788768	4	4	1	2	2253	3	0	0	0	0	68	416	0	7	sp	Q95218	DMBT1_RABIT	37.975	237	119	2	442	1071	192	427	3.46e-39	152	NA	NA	NA	NA	NA	NA	NA	NA	NA
g21236.t1	191.6518879	6.704133146	1.345162302	4.983884203	6.23e-07	0.000788768	4	4	1	2	2253	3	0	0	0	0	68	416	0	7	sp	Q95218	DMBT1_RABIT	37.19	242	116	2	442	1062	53	293	9.97e-38	147	NA	NA	NA	NA	NA	NA	NA	NA	NA
g21236.t1	191.6518879	6.704133146	1.345162302	4.983884203	6.23e-07	0.000788768	4	4	1	2	2253	3	0	0	0	0	68	416	0	7	sp	Q95218	DMBT1_RABIT	36.709	237	119	3	442	1071	323	555	7.63e-35	139	NA	NA	NA	NA	NA	NA	NA	NA	NA
g21236.t1	191.6518879	6.704133146	1.345162302	4.983884203	6.23e-07	0.000788768	4	4	1	2	2253	3	0	0	0	0	68	416	0	7	sp	Q95218	DMBT1_RABIT	37.069	232	115	3	442	1056	454	681	6.11e-34	136	NA	NA	NA	NA	NA	NA	NA	NA	NA
g7620.t1	89778.51905	-0.756518164	0.126832575	-5.964699252	2.45e-09	4.65e-05	122480	81989	66913	104441	72482	77426	64505	129731	86465	96111	59090	79234	84437	113873	sp	P42577	FRIS_LYMST	67.262	168	55	0	1	504	3	170	6.23e-82	243	NA	NA	NA	NA	NA	NA	NA	NA	NA
g18136.t1	32.77751958	3.245518069	0.854002853	3.800359751	0.000144486	0.028073482	1	1	4	0	134	159	1	1	6	0	7	126	12	18	NA	NA	NA	NA	NA	NA	NA	NA	NA	NA	NA	NA	NA	NA	NA	NA	NA	NA	NA	NA	NA	NA
g15917.t1	9.42642548	3.480289113	0.963092689	3.613659571	0.000301905	0.043095294	1	0	5	0	5	23	3	2	2	0	4	88	7	0	NA	NA	NA	NA	NA	NA	NA	NA	NA	NA	NA	NA	NA	NA	NA	NA	NA	NA	NA	NA	NA	NA
g17338.t1	71.6755078	3.042622184	0.772941713	3.936418662	8.27e-05	0.01847277	8	1	26	21	180	145	13	40	50	12	68	385	177	0	NA	NA	NA	NA	NA	NA	NA	NA	NA	NA	NA	NA	NA	NA	NA	NA	NA	NA	NA	NA	NA	NA
g7003.t1	36.67497126	-4.031900331	1.014063331	-3.97598474	7.01e-05	0.016227225	86	8	2	4	3	20	53	2	78	202	2	1	1	6	NA	NA	NA	NA	NA	NA	NA	NA	NA	NA	NA	NA	NA	NA	NA	NA	NA	NA	NA	NA	NA	NA
g23104.t1	508.1086849	-2.130562676	0.443234165	-4.806855704	1.53e-06	0.001386109	390	142	65	958	112	189	672	1663	694	764	295	187	436	531	sp	Q29116	TENA_PIG	30.396	556	293	28	67	1611	185	687	4.62e-27	125	NA	NA	NA	NA	NA	NA	NA	NA	NA
g21610.t1	9192.92764	-0.869527359	0.229909914	-3.782035074	0.000155551	0.02923905	14040	9398	6626	9493	4287	7440	8213	12363	8631	8785	8260	5827	9948	11467	sp	Q8MPM1	GELS2_LUMTE	49.866	373	165	5	1	1083	1	363	2.44e-127	373	NA	NA	NA	NA	NA	NA	NA	NA	NA
g1748.t1	221.2801509	-1.619562231	0.399291391	-4.056091032	4.99e-05	0.01297763	296	156	90	249	65	216	218	101	240	465	78	115	122	450	sp	Q06806	TIE1_MOUSE	46.333	300	148	4	2776	3648	832	1127	4.9e-77	281	NA	NA	NA	NA	NA	NA	NA	NA	NA
g1748.t1	221.2801509	-1.619562231	0.399291391	-4.056091032	4.99e-05	0.01297763	296	156	90	249	65	216	218	101	240	465	78	115	122	450	sp	Q06806	TIE1_MOUSE	31.387	274	153	12	316	1107	96	344	1.5e-31	138	NA	NA	NA	NA	NA	NA	NA	NA	NA
g13571.t1	37.00907221	4.539579388	1.121076468	4.049303967	5.14e-05	0.01317923	3	1	1	3	390	3	7	0	1	0	68	46	1	5	NA	NA	NA	NA	NA	NA	NA	NA	NA	NA	NA	NA	NA	NA	NA	NA	NA	NA	NA	NA	NA	NA
g15734.t1	23.61772224	7.488964736	1.389365073	5.390206565	7.04e-08	0.000222684	0	0	2	0	282	2	0	0	0	0	32	18	9	0	NA	NA	NA	NA	NA	NA	NA	NA	NA	NA	NA	NA	NA	NA	NA	NA	NA	NA	NA	NA	NA	NA
g23378.t1	87.16541719	7.859224263	1.38199359	5.686874614	1.29e-08	9.85e-05	1	4	2	0	904	3	0	0	0	0	122	233	1	0	NA	NA	NA	NA	NA	NA	NA	NA	NA	NA	NA	NA	NA	NA	NA	NA	NA	NA	NA	NA	NA	NA
g12669.t1	10.67842796	1.821254354	0.511143752	3.563096187	0.000366506	0.048320294	6	8	14	3	29	15	1	2	8	0	17	25	21	10	sp	Q29RT6	KI20A_BOVIN	39.658	643	315	14	76	1950	24	611	4.91e-135	427	NA	NA	NA	NA	NA	NA	NA	NA	NA
