g3452.t1	sp|Q9Y6A2|CP46A_HUMAN	36.842	380	201	6	73	1119	16	387	6.36e-73	238
g3453.t1	sp|Q9Y6A2|CP46A_HUMAN	39.574	470	267	7	79	1470	20	478	2.81e-111	342
g3454.t1	sp|Q9H4F8|SMOC1_HUMAN	41.026	156	80	3	43	504	21	166	3.33e-31	129
g3454.t1	sp|Q9H4F8|SMOC1_HUMAN	36.715	207	110	4	1009	1575	224	427	8.09e-28	119
g3454.t1	sp|Q9H4F8|SMOC1_HUMAN	33.019	212	117	6	256	840	222	425	6.94e-24	107
g3455.t1	sp|Q9D844|DNJC4_MOUSE	35.028	177	100	3	100	618	37	202	1.37e-22	95.9
g3457.t1	sp|Q9NRC6|SPTN5_HUMAN	31.110	1649	1112	11	1	4926	1850	3481	0.0	758
g3457.t1	sp|Q9NRC6|SPTN5_HUMAN	23.574	1701	1182	29	52	4935	458	2113	2.32e-99	363
g3457.t1	sp|Q9NRC6|SPTN5_HUMAN	20.766	1618	1202	27	16	4776	913	2481	2.64e-36	156
g3457.t1	sp|Q9NRC6|SPTN5_HUMAN	19.298	1311	1019	16	1045	4932	1141	2427	2.50e-30	136
g3457.t1	sp|Q9NRC6|SPTN5_HUMAN	20.599	835	589	8	2593	4923	450	1268	1.32e-27	127
g3458.t1	sp|P16546|SPTN1_MOUSE	36.947	655	411	2	67	2028	300	953	1.10e-123	414
g3458.t1	sp|P16546|SPTN1_MOUSE	32.938	759	495	5	67	2325	1278	2028	6.10e-120	404
g3458.t1	sp|P16546|SPTN1_MOUSE	27.138	538	391	1	796	2409	15	551	3.98e-56	214
g3458.t1	sp|P16546|SPTN1_MOUSE	24.342	760	569	5	163	2433	120	876	1.15e-49	194
g3458.t1	sp|P16546|SPTN1_MOUSE	23.219	758	538	10	133	2283	1052	1806	1.29e-44	178
g3458.t1	sp|P16546|SPTN1_MOUSE	21.169	770	601	6	76	2376	197	963	7.38e-41	167
g3458.t1	sp|P16546|SPTN1_MOUSE	23.758	745	525	17	67	2208	1490	2222	6.18e-38	157
g3458.t1	sp|P16546|SPTN1_MOUSE	25.116	860	553	22	67	2472	512	1338	9.02e-37	154
g3458.t1	sp|P16546|SPTN1_MOUSE	21.594	778	605	4	163	2490	15	789	2.88e-36	152
g3458.t1	sp|P16546|SPTN1_MOUSE	20.464	733	573	6	181	2361	1210	1938	3.24e-35	149
g3458.t1	sp|P16546|SPTN1_MOUSE	21.689	687	493	7	535	2472	1081	1763	8.52e-30	131
g3458.t1	sp|P16546|SPTN1_MOUSE	23.117	385	285	4	64	1197	1702	2082	3.78e-21	103
g3459.t1	sp|Q00963|SPTCB_DROME	45.908	782	414	4	40	2361	36	816	0.0	691
g3459.t1	sp|Q00963|SPTCB_DROME	22.110	493	360	7	823	2283	525	999	9.73e-28	125
g3459.t1	sp|Q00963|SPTCB_DROME	26.225	347	251	3	1309	2340	1315	1659	1.53e-25	119
g3460.t1	sp|Q9WVK8|CP46A_MOUSE	38.248	468	266	9	103	1470	22	478	2.16e-106	329
g3461.t1	sp|Q9Y6A2|CP46A_HUMAN	37.681	414	218	9	79	1254	22	417	2.43e-86	275
g3462.t1	sp|Q8NFJ9|BBS1_HUMAN	52.075	530	212	5	61	1530	14	541	0.0	548
g3465.t1	sp|Q9TXQ1|TNKS1_CAEEL	32.081	692	406	24	1072	3021	102	771	2.10e-63	245
g3465.t1	sp|Q9TXQ1|TNKS1_CAEEL	33.705	448	263	11	5851	7170	1786	2207	2.31e-57	225
g3465.t2	sp|Q9TXQ1|TNKS1_CAEEL	32.081	692	406	24	1072	3021	102	771	2.14e-63	245
g3465.t2	sp|Q9TXQ1|TNKS1_CAEEL	33.259	448	265	10	5923	7242	1786	2207	2.07e-57	225
g3465.t3	sp|Q9TXQ1|TNKS1_CAEEL	32.081	692	406	24	1072	3021	102	771	2.10e-63	245
g3465.t3	sp|Q9TXQ1|TNKS1_CAEEL	33.857	446	263	11	5851	7164	1786	2207	1.44e-57	226
g3465.t4	sp|Q9TXQ1|TNKS1_CAEEL	31.161	706	408	26	1072	3063	102	771	9.69e-63	243
g3465.t4	sp|Q9TXQ1|TNKS1_CAEEL	33.705	448	263	11	5893	7212	1786	2207	2.33e-57	225
g3465.t5	sp|Q9TXQ1|TNKS1_CAEEL	31.161	706	408	26	1072	3063	102	771	9.69e-63	243
g3465.t5	sp|Q9TXQ1|TNKS1_CAEEL	33.705	448	263	11	5893	7212	1786	2207	2.33e-57	225
g3466.t1	sp|A0NLY7|ISAHY_ROSAI	32.093	215	127	5	169	789	59	262	1.23e-26	107
g3468.t1	sp|Q9VBW3|CAD96_DROME	50.534	281	137	1	10	852	476	754	1.31e-98	309
g3469.t1	sp|Q5VT25|MRCKA_HUMAN	56.511	814	333	7	13	2409	3	810	0.0	903
g3470.t1	sp|Q3UU96|MRCKA_MOUSE	44.686	828	384	15	1	2349	845	1643	0.0	666
g3471.t1	sp|Q9NZM5|NOP53_HUMAN	32.867	429	246	10	13	1191	32	454	9.15e-41	154
g3472.t1	sp|Q6P5P3|TTC9C_RAT	32.701	211	98	4	49	678	3	170	7.50e-26	102
g3473.t1	sp|Q924S7|SPRE2_MOUSE	35.129	427	219	16	4	1230	3	389	1.61e-65	218
g3475.t1	sp|P29374|ARI4A_HUMAN	43.596	406	215	7	1	1191	1	401	3.67e-70	263
g3477.t1	sp|Q8C5L7|RBM34_MOUSE	47.849	186	95	2	544	1098	188	372	1.07e-58	200
g3479.t1	sp|Q9HDC9|APMAP_HUMAN	36.134	357	221	5	217	1281	62	413	4.55e-76	246
g3480.t1	sp|Q920M9|SIAH1_RAT	87.843	255	31	0	76	840	28	282	5.44e-172	479
g3481.t1	sp|O97529|ANXA8_RABIT	30.844	308	188	5	772	1620	16	323	6.29e-34	135
g3481.t2	sp|O97529|ANXA8_RABIT	30.844	308	188	5	769	1617	16	323	6.19e-34	135
g3489.t1	sp|Q9TXQ1|TNKS1_CAEEL	30.973	678	407	25	880	2838	99	740	4.20e-57	224
g3489.t1	sp|Q9TXQ1|TNKS1_CAEEL	25.578	649	362	22	5602	7278	1656	2273	9.55e-39	164
g3489.t2	sp|Q9TXQ1|TNKS1_CAEEL	28.631	482	305	17	880	2277	99	557	4.62e-33	141
g3492.t1	sp|P11498|PYC_HUMAN	68.646	1145	356	3	250	3684	36	1177	0.0	1575
g3493.t1	sp|Q9XY07|KARG_STIJA	67.473	372	118	2	1	1116	1	369	0.0	537
g3494.t1	sp|Q9H1D9|RPC6_HUMAN	62.658	316	118	0	1	948	1	316	2.59e-151	430
g3495.t1	sp|Q5RBG4|KAT5_PONAB	55.847	496	152	10	43	1452	7	461	5.64e-174	500
g3503.t1	sp|F1RAX8|COQ6_DANRE	49.105	391	167	5	190	1278	25	411	8.68e-123	369
g3504.t1	sp|Q8WMD0|COMD1_CANLF	46.795	156	83	0	1	468	1	156	7.15e-49	159
g3505.t1	sp|Q02280|KCNAE_DROME	61.224	735	245	10	1	2118	53	776	0.0	867
g3505.t2	sp|Q02280|KCNAE_DROME	61.265	759	254	10	22	2211	29	776	0.0	901
g3506.t1	sp|Q8BMT9|HHAT_MOUSE	32.372	312	207	1	361	1284	173	484	1.46e-44	166
g3511.t1	sp|Q8CCP0|NEMF_MOUSE	66.981	106	34	1	97	414	954	1058	8.56e-35	131
g3512.t1	sp|Q8CCP0|NEMF_MOUSE	50.862	232	99	5	1	654	550	780	8.24e-67	234
g3513.t1	sp|O60524|NEMF_HUMAN	54.198	524	213	4	1	1497	1	522	2.77e-175	525
g3514.t1	sp|Q9EQT3|RHOU_MOUSE	70.857	175	51	0	229	753	53	227	1.37e-89	270
g3517.t1	sp|Q3T1I9|RPAP1_RAT	34.202	883	520	14	4	2610	551	1386	3.64e-133	435
g3519.t1	sp|Q9BWH6|RPAP1_HUMAN	35.055	542	261	17	1	1491	2	497	3.07e-59	216
g3522.t1	sp|Q6IQE9|ALKB6_DANRE	55.274	237	93	2	16	723	10	234	1.08e-82	249
g3523.t1	sp|O62830|PPM1B_BOVIN	62.468	389	136	4	1	1140	1	388	6.53e-176	501
g3526.t1	sp|C3XRY1|NO66_BRAFL	51.852	243	78	3	505	1149	185	416	6.33e-76	250
g3531.t1	sp|A3QJU3|COQ8B_DANRE	63.205	443	161	1	577	1899	172	614	0.0	584
g3532.t1	sp|O75817|POP7_HUMAN	61.165	103	34	1	76	366	14	116	3.09e-29	108
g3533.t1	sp|Q9QZ05|E2AK4_MOUSE	38.687	1706	913	38	16	4956	17	1648	0.0	1068
g3534.t1	sp|O60232|ZNRD2_HUMAN	64.646	99	35	0	4	300	7	105	6.48e-42	144
g3537.t1	sp|O95069|KCNK2_HUMAN	37.379	206	120	4	148	756	76	275	2.79e-30	122
g3538.t1	sp|Q8IW70|T151B_HUMAN	50.980	357	164	4	130	1170	45	400	7.84e-113	353
g3540.t1	sp|Q5JU00|DRC5_HUMAN	51.620	463	216	3	43	1413	14	474	2.40e-170	492
g3543.t1	sp|Q13395|TARB1_HUMAN	22.308	520	348	13	1297	2721	883	1391	8.89e-34	144
g3544.t1	sp|Q13395|TARB1_HUMAN	56.853	197	78	2	43	618	1421	1615	1.34e-60	207
g3548.t1	sp|Q2TGI8|ZDH22_RAT	31.718	227	149	2	22	687	25	250	5.83e-37	134
g3550.t1	sp|Q5ZJQ8|UBAC2_CHICK	36.096	374	205	10	1	1113	1	343	4.39e-52	179
g3555.t1	sp|Q803I8|SYVN1_DANRE	77.910	335	74	0	1	1005	2	336	0.0	561
g3556.t1	sp|Q8R496|SPDYA_RAT	59.686	191	68	2	139	708	55	237	3.42e-75	234
g3557.t1	sp|P80404|GABT_HUMAN	53.465	101	46	1	175	477	40	139	1.16e-33	127
g3558.t1	sp|P80404|GABT_HUMAN	52.012	323	154	1	1	966	177	499	3.64e-125	370
g3559.t1	sp|Q9BVS5|TR61B_HUMAN	36.970	330	195	7	688	1656	150	473	4.36e-59	207
g3560.t1	sp|Q8WPD0|LECG_PATPE	36.879	141	81	5	73	480	27	164	9.45e-23	92.0
g3565.t1	sp|Q3V6T2|GRDN_HUMAN	40.941	1551	844	23	19	4485	10	1550	0.0	891
g3565.t2	sp|Q3V6T2|GRDN_HUMAN	40.627	1563	844	24	19	4521	10	1550	0.0	882
g3569.t1	sp|Q8BH86|GLUCM_MOUSE	46.667	315	159	5	1	933	303	612	1.30e-91	288
g3570.t1	sp|A6LX31|Y2760_CLOB8	40.856	257	148	3	40	810	8	260	1.80e-66	211
g3577.t1	sp|Q6BEA0|PLXA4_DANRE	31.509	749	459	24	4	2187	440	1155	4.32e-103	362
g3578.t1	sp|Q6BEA0|PLXA4_DANRE	29.670	364	189	13	109	1032	42	394	2.68e-30	125
g3579.t1	sp|Q80T85|DCAF5_MOUSE	59.277	415	160	2	13	1230	13	427	6.41e-164	504
g3580.t1	sp|Q9CWG8|NDUF7_MOUSE	54.061	394	167	7	124	1299	30	411	2.39e-140	412
g3581.t1	sp|Q96Q07|BTBD9_HUMAN	64.089	582	202	3	1	1746	1	575	0.0	786
g3583.t1	sp|Q7L266|ASGL1_HUMAN	51.325	302	136	5	61	957	12	305	3.01e-83	257
g3584.t1	sp|Q05090|KLC_STRPU	80.208	672	91	8	19	1929	19	683	0.0	958
g3584.t2	sp|Q05090|KLC_STRPU	79.464	672	89	8	19	1908	19	683	0.0	941
g3584.t3	sp|Q05090|KLC_STRPU	80.208	672	93	8	19	1935	19	683	0.0	958
g3591.t1	sp|Q69ZR2|HECD1_MOUSE	69.334	1337	325	15	1	3840	1	1309	0.0	1777
g3591.t1	sp|Q69ZR2|HECD1_MOUSE	55.556	171	71	3	4711	5217	1759	1926	1.54e-47	192
g3592.t1	sp|Q9ULT8|HECD1_HUMAN	59.223	618	213	7	169	1917	1997	2610	0.0	717
g3593.t1	sp|C3XR70|ENOPH_BRAFL	56.250	256	106	2	85	834	30	285	6.34e-98	293
g3597.t1	sp|Q86UP2|KTN1_HUMAN	36.000	300	161	9	2095	2964	1013	1291	2.59e-33	144
g3597.t2	sp|Q86UP2|KTN1_HUMAN	36.000	300	161	9	2095	2964	1013	1291	3.23e-33	143
g3598.t1	sp|O75689|ADAP1_HUMAN	34.444	360	214	8	22	1077	12	357	4.12e-60	213
g3598.t2	sp|O75689|ADAP1_HUMAN	34.444	360	214	8	22	1077	12	357	1.18e-60	213
g3600.t1	sp|Q8IMC6|ASATR_DROME	66.488	373	103	4	4	1086	159	521	1.40e-157	513
g3601.t1	sp|Q2KIA2|TR112_BOVIN	54.839	124	54	2	1	369	1	123	1.55e-46	149
g3607.t1	sp|Q3UN02|LCLT1_MOUSE	40.909	308	175	4	4	927	63	363	4.40e-75	238
g3609.t1	sp|Q3SZW1|TSSK1_BOVIN	46.909	275	133	6	97	900	3	271	2.95e-78	246
g3611.t1	sp|B1ANS9|WDR64_HUMAN	35.257	1109	601	25	58	3339	18	1024	0.0	672
g3613.t1	sp|Q4JIM4|PSN1_CHICK	56.091	394	142	7	151	1269	31	414	1.38e-112	342
g3616.t1	sp|Q9JLB4|CUBN_MOUSE	23.612	1063	580	37	112	3237	708	1559	2.40e-52	206
g3616.t1	sp|Q9JLB4|CUBN_MOUSE	23.778	1207	640	44	112	3660	590	1540	7.07e-50	199
g3616.t1	sp|Q9JLB4|CUBN_MOUSE	23.145	1024	573	41	109	3081	2451	3293	1.44e-33	145
g3616.t1	sp|Q9JLB4|CUBN_MOUSE	23.922	1183	650	51	73	3498	1966	2939	1.61e-32	142
g3616.t1	sp|Q9JLB4|CUBN_MOUSE	24.493	690	376	25	76	2088	1036	1599	7.95e-31	136
g3616.t1	sp|Q9JLB4|CUBN_MOUSE	22.379	849	483	33	112	2580	2920	3618	1.65e-21	106
g3617.t1	sp|F1RWC3|CUBN_PIG	30.793	328	178	12	469	1434	934	1218	1.37e-28	124
g3622.t1	sp|Q0P5A0|KCNK1_BOVIN	37.402	254	142	4	76	837	37	273	5.45e-45	159
g3624.t1	sp|Q9WTN5|TPC1_RAT	27.042	551	350	12	259	1845	75	595	6.38e-29	123
g3624.t1	sp|Q9WTN5|TPC1_RAT	55.000	20	9	0	1944	2003	625	644	6.38e-29	27.3
g3625.t1	sp|Q9Y575|ASB3_HUMAN	33.147	537	308	17	1	1560	1	503	3.31e-74	247
g3626.t1	sp|Q86V25|VASH2_HUMAN	58.661	254	105	0	61	822	41	294	5.30e-114	338
g3627.t1	sp|Q96GC5|RM48_HUMAN	45.283	106	55	1	187	504	88	190	8.98e-23	94.0
g3631.t1	sp|Q8AWD2|MOCS3_DANRE	49.451	182	72	4	19	543	5	173	5.05e-48	165
g3632.t1	sp|Q8AWD2|MOCS3_DANRE	60.135	148	56	1	28	471	231	375	1.80e-40	145
g3637.t1	sp|P14866|HNRPL_HUMAN	49.474	95	48	0	7	291	495	589	4.71e-26	103
g3638.t1	sp|Q8R081|HNRPL_MOUSE	51.055	237	101	4	79	762	87	317	2.62e-69	233
g3639.t1	sp|Q15643|TRIPB_HUMAN	31.278	227	149	2	1669	2328	1072	1298	4.77e-22	108
g3640.t1	sp|Q15643|TRIPB_HUMAN	37.027	370	187	9	34	1122	24	354	1.67e-37	156
g3641.t1	sp|Q9NS73|MBIP1_HUMAN	39.103	312	139	12	79	915	51	344	4.18e-52	177
g3645.t1	sp|Q4R834|SIR2_MACFA	53.102	403	168	6	1	1206	1	383	5.65e-134	392
g3646.t1	sp|Q9QYF1|RDH11_MOUSE	53.974	302	128	2	37	942	22	312	2.65e-99	298
g3648.t1	sp|Q8NBN7|RDH13_HUMAN	54.333	300	119	2	64	909	21	320	7.91e-84	258
g3650.t1	sp|C9JTQ0|ANR63_HUMAN	44.966	149	81	1	79	525	18	165	1.11e-33	134
g3658.t1	sp|Q5DU37|ZFY26_MOUSE	37.455	825	423	11	2377	4827	1781	2520	7.45e-149	511
g3658.t1	sp|Q5DU37|ZFY26_MOUSE	30.303	396	228	8	841	2019	1371	1721	5.10e-34	147
g3660.t1	sp|D2H5P6|ZFY26_AILME	23.601	822	532	23	34	2451	3	744	4.18e-27	123
g3660.t2	sp|D2H5P6|ZFY26_AILME	23.601	822	532	23	34	2451	3	744	3.93e-27	123
g3661.t1	sp|Q8UVR5|BAZ1A_XENLA	37.324	142	79	2	544	969	495	626	4.76e-24	106
g3663.t1	sp|Q9NRL2|BAZ1A_HUMAN	35.385	520	240	13	2347	3900	773	1198	3.67e-65	248
g3663.t1	sp|Q9NRL2|BAZ1A_HUMAN	43.571	280	144	4	1	816	1	274	1.10e-60	233
g3663.t1	sp|Q9NRL2|BAZ1A_HUMAN	44.961	258	138	2	1219	1989	390	644	2.33e-59	229
g3665.t1	sp|Q2TBI8|NUD22_BOVIN	44.654	159	84	2	1	468	1	158	6.73e-42	144
g3666.t1	sp|Q5TYW6|RSPH9_DANRE	49.458	277	109	2	1	738	1	277	1.84e-96	286
g3667.t1	sp|Q9NVS2|RT18A_HUMAN	42.466	146	75	3	100	525	10	150	3.12e-31	114
g3668.t1	sp|Q75WS4|CRYD_XENLA	62.984	516	176	5	1	1509	1	514	0.0	678
g3671.t1	sp|P05094|ACTN1_CHICK	65.103	874	302	3	52	2670	22	893	0.0	1163
g3671.t2	sp|P05094|ACTN1_CHICK	65.446	874	299	3	52	2670	22	893	0.0	1166
g3671.t3	sp|P05094|ACTN1_CHICK	65.332	874	300	3	52	2670	22	893	0.0	1162
g3671.t4	sp|A5D7D1|ACTN4_BOVIN	63.878	753	269	3	13	2268	161	911	0.0	970
g3672.t1	sp|Q8R086|SUOX_MOUSE	51.190	168	79	3	364	858	86	253	9.66e-57	179
g3672.t1	sp|Q8R086|SUOX_MOUSE	63.636	44	16	0	867	998	256	299	9.66e-57	63.5
g3673.t1	sp|P07850|SUOX_CHICK	55.251	219	94	2	1	657	243	457	1.36e-74	236
g3680.t1	sp|Q5SVZ6|ZMYM1_HUMAN	26.596	470	311	10	184	1533	471	926	1.99e-36	151
g3685.t1	sp|A6QLH6|SCYL1_BOVIN	60.846	544	209	1	1	1620	1	544	0.0	704
g3686.t1	sp|Q92541|RTF1_HUMAN	48.998	549	260	6	406	2040	178	710	1.18e-124	389
g3686.t2	sp|Q92541|RTF1_HUMAN	51.882	372	166	3	940	2043	348	710	2.13e-105	339
g3687.t1	sp|Q96L50|LLR1_HUMAN	41.346	416	231	5	1	1233	1	408	9.47e-100	306
g3688.t1	sp|Q9NR09|BIRC6_HUMAN	46.802	1970	850	38	9298	14973	3001	4850	0.0	1368
g3688.t1	sp|Q9NR09|BIRC6_HUMAN	36.384	1344	711	33	5197	9018	1674	2943	0.0	655
g3688.t1	sp|Q9NR09|BIRC6_HUMAN	34.526	950	506	25	2221	4977	717	1581	6.74e-116	421
g3688.t1	sp|Q9NR09|BIRC6_HUMAN	47.847	418	202	8	16	1245	52	461	2.46e-114	416
g3688.t2	sp|Q9NR09|BIRC6_HUMAN	46.802	1970	850	38	9295	14970	3001	4850	0.0	1368
g3688.t2	sp|Q9NR09|BIRC6_HUMAN	36.384	1344	711	33	5194	9015	1674	2943	0.0	655
g3688.t2	sp|Q9NR09|BIRC6_HUMAN	34.526	950	506	25	2218	4974	717	1581	6.46e-116	421
g3688.t2	sp|Q9NR09|BIRC6_HUMAN	47.847	418	202	8	16	1245	52	461	2.38e-114	416
g3688.t3	sp|Q9NR09|BIRC6_HUMAN	46.650	1970	853	37	9292	14967	3001	4850	0.0	1368
g3688.t3	sp|Q9NR09|BIRC6_HUMAN	36.384	1344	711	33	5191	9012	1674	2943	0.0	655
g3688.t3	sp|Q9NR09|BIRC6_HUMAN	34.319	947	511	23	2218	4971	717	1581	4.66e-116	421
g3688.t3	sp|Q9NR09|BIRC6_HUMAN	47.847	418	202	8	16	1245	52	461	2.36e-114	416
g3689.t1	sp|Q9BLC5|HSP83_BOMMO	83.937	442	71	0	850	2175	275	716	0.0	740
g3689.t1	sp|Q9BLC5|HSP83_BOMMO	76.852	216	46	2	10	657	6	217	1.94e-105	340
g3690.t1	sp|Q05481|ZNF91_HUMAN	31.781	966	573	14	634	3507	267	1154	3.63e-145	476
g3690.t1	sp|Q05481|ZNF91_HUMAN	32.046	958	593	18	655	3504	190	1097	6.03e-139	459
g3690.t1	sp|Q05481|ZNF91_HUMAN	30.478	899	499	16	610	3264	371	1157	8.64e-118	400
g3690.t1	sp|Q05481|ZNF91_HUMAN	28.843	631	371	11	634	2433	575	1158	5.62e-76	279
g3690.t1	sp|Q05481|ZNF91_HUMAN	32.587	402	211	7	2332	3504	101	453	1.13e-42	174
g3691.t1	sp|Q3SZW1|TSSK1_BOVIN	52.333	300	137	2	64	945	1	300	3.56e-106	319
g3692.t1	sp|B2RY56|RBM25_MOUSE	47.222	216	79	5	1939	2490	626	838	2.95e-44	176
g3692.t1	sp|B2RY56|RBM25_MOUSE	48.792	207	79	4	388	939	85	287	2.51e-43	172
g3692.t2	sp|P49756|RBM25_HUMAN	47.222	216	79	5	1936	2487	631	843	3.36e-44	175
g3692.t2	sp|P49756|RBM25_HUMAN	49.038	208	78	4	385	936	85	288	9.89e-44	174
g3692.t3	sp|B2RY56|RBM25_MOUSE	47.222	216	79	5	1726	2277	626	838	1.17e-44	176
g3692.t3	sp|B2RY56|RBM25_MOUSE	48.792	207	79	4	385	936	85	287	1.06e-43	173
g3693.t1	sp|P06027|LECE_HELCR	38.028	142	78	6	82	480	3	143	3.82e-21	87.4
g3696.t1	sp|O75899|GABR2_HUMAN	40.712	393	225	4	1240	2415	435	820	8.41e-72	257
g3696.t1	sp|O75899|GABR2_HUMAN	30.952	294	189	4	1	873	154	436	1.04e-38	159
g3697.t1	sp|Q9WV18|GABR1_MOUSE	36.776	397	237	7	187	1371	162	546	1.77e-73	265
g3697.t1	sp|Q9WV18|GABR1_MOUSE	29.188	394	245	6	1699	2829	549	925	1.21e-40	166
g3697.t2	sp|Q9WV18|GABR1_MOUSE	36.776	397	237	7	187	1371	162	546	1.24e-73	266
g3697.t2	sp|Q9WV18|GABR1_MOUSE	29.843	382	246	5	1699	2793	549	925	9.25e-43	172
g3698.t1	sp|P21328|RTJK_DROME	25.088	853	548	31	532	2931	1	815	1.63e-36	153
g3699.t1	sp|Q9UBS5|GABR1_HUMAN	38.402	388	225	7	178	1335	170	545	1.19e-75	271
g3699.t1	sp|Q9UBS5|GABR1_HUMAN	29.003	331	196	6	1672	2568	549	872	2.43e-32	139
g3704.t1	sp|O75096|LRP4_HUMAN	36.861	274	155	7	160	948	767	1033	8.68e-40	158
g3704.t1	sp|O75096|LRP4_HUMAN	33.091	275	162	7	160	948	1074	1338	8.35e-37	149
g3704.t1	sp|O75096|LRP4_HUMAN	32.500	280	160	9	160	951	462	728	2.18e-32	136
g3704.t1	sp|O75096|LRP4_HUMAN	31.788	302	185	9	109	981	1362	1653	3.20e-32	135
g3704.t2	sp|O75096|LRP4_HUMAN	36.861	274	155	7	160	948	767	1033	3.62e-39	157
g3704.t2	sp|O75096|LRP4_HUMAN	33.091	275	162	7	160	948	1074	1338	1.96e-36	149
g3704.t2	sp|O75096|LRP4_HUMAN	32.500	280	160	9	160	951	462	728	5.34e-32	135
g3704.t2	sp|O75096|LRP4_HUMAN	31.788	302	185	9	109	981	1362	1653	9.11e-32	135
g3705.t1	sp|Q9QYP1|LRP4_RAT	35.115	262	155	7	181	942	1084	1338	1.14e-38	154
g3705.t1	sp|Q9QYP1|LRP4_RAT	35.338	266	152	7	181	942	776	1033	2.33e-38	154
g3705.t1	sp|Q9QYP1|LRP4_RAT	37.931	203	116	5	181	783	1388	1582	1.40e-31	133
g3705.t1	sp|Q9QYP1|LRP4_RAT	36.000	200	119	5	181	774	471	663	7.93e-30	128
g3706.t1	sp|Q9QYP1|LRP4_RAT	39.713	209	117	4	142	762	767	968	1.50e-36	147
g3706.t1	sp|Q9QYP1|LRP4_RAT	38.389	211	119	5	169	792	1084	1286	2.05e-35	144
g3706.t1	sp|Q9QYP1|LRP4_RAT	36.792	212	124	5	142	771	1379	1582	2.18e-30	129
g3706.t1	sp|Q9QYP1|LRP4_RAT	34.928	209	127	5	142	762	462	663	1.12e-28	124
g3707.t1	sp|A2RRH5|WDR27_HUMAN	33.446	888	489	14	46	2688	32	824	7.04e-159	489
g3710.t1	sp|Q0P6D6|CCD15_HUMAN	39.015	264	142	8	789	37	366	623	9.24e-30	121
g3711.t1	sp|P07996|TSP1_HUMAN	54.317	915	393	9	1060	3768	266	1167	0.0	834
g3713.t1	sp|Q5RFE6|THNS2_PONAB	46.901	484	242	5	1	1437	1	474	3.68e-150	440
g3724.t1	sp|Q7L622|G2E3_HUMAN	32.057	209	126	6	1	615	425	621	5.41e-27	111
g3728.t1	sp|Q6GQ29|CBPQ_XENLA	58.862	457	188	0	91	1461	13	469	0.0	567
g3729.t1	sp|P0CB42|ALKB1_MOUSE	46.503	286	140	3	67	885	21	306	4.90e-82	265
g3730.t1	sp|Q9D8T7|SLIRP_MOUSE	48.810	84	43	0	40	291	22	105	4.97e-24	91.7
g3731.t1	sp|Q5R7R9|SNW1_PONAB	67.343	542	159	8	4	1599	1	534	0.0	608
g3732.t1	sp|Q95218|DMBT1_RABIT	45.116	215	105	4	562	1188	713	920	1.57e-42	163
g3732.t1	sp|Q95218|DMBT1_RABIT	38.372	258	109	6	514	1188	572	812	2.12e-37	147
g3732.t1	sp|Q95218|DMBT1_RABIT	38.077	260	115	5	514	1188	174	422	3.33e-37	147
g3732.t1	sp|Q95218|DMBT1_RABIT	37.603	242	104	4	562	1188	454	681	1.33e-33	136
g3734.t1	sp|Q95218|DMBT1_RABIT	45.283	212	110	2	31	648	713	924	3.49e-48	172
g3734.t1	sp|Q95218|DMBT1_RABIT	36.929	241	123	2	1	636	182	422	6.44e-40	149
g3734.t1	sp|Q95218|DMBT1_RABIT	37.657	239	112	3	31	636	53	291	2.34e-39	147
g3734.t1	sp|Q95218|DMBT1_RABIT	37.662	231	112	4	31	636	454	681	3.27e-36	138
g3735.t1	sp|Q08380|LG3BP_HUMAN	49.138	116	59	0	10	357	23	138	4.83e-31	120
g3736.t1	sp|Q95218|DMBT1_RABIT	46.226	212	108	2	592	1209	713	924	3.10e-47	177
g3736.t1	sp|Q95218|DMBT1_RABIT	39.676	247	114	4	544	1197	572	812	6.63e-42	161
g3736.t1	sp|Q95218|DMBT1_RABIT	38.153	249	123	3	544	1197	174	422	1.46e-40	157
g3736.t1	sp|Q95218|DMBT1_RABIT	38.095	231	111	4	592	1197	454	681	2.96e-35	142
g3737.t1	sp|Q95218|DMBT1_RABIT	46.698	212	107	2	592	1209	713	924	4.28e-48	179
g3737.t1	sp|Q95218|DMBT1_RABIT	38.961	231	112	2	592	1197	192	422	1.11e-39	155
g3737.t1	sp|Q95218|DMBT1_RABIT	38.528	231	110	4	592	1197	454	681	4.59e-36	144
g3738.t1	sp|Q95218|DMBT1_RABIT	46.226	212	108	2	592	1209	713	924	2.14e-47	177
g3738.t1	sp|Q95218|DMBT1_RABIT	38.528	231	113	2	592	1197	192	422	8.27e-39	152
g3738.t1	sp|Q95218|DMBT1_RABIT	38.095	231	111	4	592	1197	454	681	1.66e-35	142
g3739.t1	sp|Q95218|DMBT1_RABIT	45.755	212	109	2	592	1209	713	924	1.23e-47	178
g3739.t1	sp|Q95218|DMBT1_RABIT	38.057	247	122	3	550	1197	176	422	1.68e-40	157
g3739.t1	sp|Q95218|DMBT1_RABIT	38.095	231	111	4	592	1197	454	681	3.04e-36	145
g3740.t1	sp|Q9D0L4|ADCK1_MOUSE	45.738	481	220	3	142	1461	32	512	5.07e-148	437
g3741.t1	sp|P36404|ARL2_HUMAN	84.239	184	29	0	1	552	1	184	1.93e-113	323
g3742.t1	sp|Q8K4B0|MTA1_MOUSE	57.787	732	227	10	1	2088	1	686	0.0	780
g3743.t1	sp|Q5E9G1|P2R3C_BOVIN	82.892	415	71	0	337	1581	27	441	0.0	707
g3744.t1	sp|Q4R366|MRPP3_MACFA	35.608	469	262	11	442	1764	120	576	1.46e-77	259
g3745.t1	sp|Q91ZN5|S35B2_MOUSE	56.986	365	151	3	157	1248	29	388	1.49e-129	385
g3745.t2	sp|Q91ZN5|S35B2_MOUSE	57.459	362	151	3	157	1239	29	388	7.42e-130	385
g3747.t1	sp|Q5UR46|YR571_MIMIV	38.095	189	108	6	136	696	15	196	9.49e-24	105
g3748.t1	sp|A7YWS7|DPOE2_BOVIN	59.004	522	209	2	10	1563	5	525	0.0	682
g3749.t1	sp|Q9BXJ7|AMNLS_HUMAN	26.287	369	228	13	1	1044	4	349	3.98e-31	129
g3750.t1	sp|Q5RBX7|SRP14_PONAB	59.615	104	39	2	1	312	1	101	5.33e-36	122
g3751.t1	sp|Q8JGT5|SAE1_XENLA	52.199	341	161	2	1	1017	1	341	3.01e-110	328
g3752.t1	sp|P79403|GANAB_PIG	53.219	932	396	9	49	2727	14	944	0.0	1033
g3755.t1	sp|Q8IVE3|PKHH2_HUMAN	52.305	564	212	7	10	1683	940	1452	3.94e-180	552
g3756.t1	sp|Q9ULM0|PKHH1_HUMAN	46.816	267	129	7	757	1539	527	786	1.44e-62	225
g3758.t1	sp|Q7Z449|CP2U1_HUMAN	37.037	486	276	6	115	1491	52	534	8.74e-114	350
g3759.t1	sp|Q8TAM2|TTC8_HUMAN	67.412	537	138	3	1	1500	5	541	0.0	772
g3760.t1	sp|P54318|LIPR2_RAT	42.733	344	173	8	16	981	14	355	4.43e-84	264
g3761.t1	sp|Q64425|LIPP_MYOCO	43.478	345	168	9	1018	1983	7	347	4.73e-76	254
g3761.t1	sp|Q64425|LIPP_MYOCO	41.499	347	174	10	46	1017	5	345	5.55e-68	232
g3762.t1	sp|Q78P75|DYL2_RAT	86.364	88	12	0	16	279	2	89	1.25e-53	164
g3764.t1	sp|Q78P75|DYL2_RAT	85.227	88	13	0	13	276	2	89	7.04e-53	162
g3765.t1	sp|Q78P75|DYL2_RAT	81.111	90	16	1	1	270	1	89	1.12e-49	154
g3766.t1	sp|Q78P75|DYL2_RAT	88.372	86	10	0	13	270	4	89	2.66e-54	166
g3767.t1	sp|Q568K5|NAA40_DANRE	58.564	181	74	1	109	651	37	216	1.63e-75	233
g3768.t1	sp|Q561L1|PUA1A_XENLA	66.204	432	143	1	4	1290	23	454	0.0	607
g3770.t1	sp|Q9D0E5|EFC11_MOUSE	48.366	153	78	1	22	477	4	156	4.32e-47	154
g3771.t1	sp|Q7TPD1|FBX11_MOUSE	71.357	803	219	5	310	2709	136	930	0.0	1198
g3771.t2	sp|Q7TPD1|FBX11_MOUSE	71.715	799	219	4	310	2697	136	930	0.0	1204
g3771.t3	sp|Q7TPD1|FBX11_MOUSE	71.715	799	219	4	268	2655	136	930	0.0	1202
g3774.t1	sp|B5X7E4|IF43B_SALSA	73.810	84	22	0	97	348	114	197	9.47e-37	127
g3775.t1	sp|Q02290|XYNB_NEOPA	36.623	385	244	0	259	1413	409	793	6.72e-45	172
g3775.t1	sp|Q02290|XYNB_NEOPA	36.788	386	244	0	259	1416	393	778	7.61e-45	172
g3775.t1	sp|Q02290|XYNB_NEOPA	36.528	386	245	0	259	1416	401	786	2.75e-44	171
g3775.t1	sp|Q02290|XYNB_NEOPA	36.269	386	246	0	259	1416	377	762	1.59e-43	168
g3775.t1	sp|Q02290|XYNB_NEOPA	35.751	386	248	0	259	1416	369	754	4.71e-42	164
g3775.t1	sp|Q02290|XYNB_NEOPA	35.602	382	246	0	271	1416	357	738	3.23e-41	161
g3775.t1	sp|Q02290|XYNB_NEOPA	35.878	393	248	3	244	1416	332	722	2.02e-40	159
g3775.t1	sp|Q02290|XYNB_NEOPA	35.979	378	241	1	283	1416	354	730	2.20e-40	159
g3775.t1	sp|Q02290|XYNB_NEOPA	37.152	323	203	0	253	1221	471	793	9.54e-36	145
g3776.t1	sp|P50428|ARSA_MOUSE	48.655	446	220	4	7	1320	61	505	8.37e-132	392
g3777.t1	sp|Q9D552|SPT17_MOUSE	39.118	363	196	3	1	1014	17	379	7.17e-72	231
g3780.t1	sp|Q80XK6|ATG2B_MOUSE	37.820	2229	1148	58	1	6447	1	2071	0.0	1256
g3783.t1	sp|Q3ZBD2|ARP10_BOVIN	54.251	247	111	2	1	735	151	397	3.89e-89	273
g3784.t1	sp|Q9QZB7|ARP10_MOUSE	62.914	151	55	1	1	450	1	151	1.35e-63	203
g3785.t1	sp|A0A1L8HYT7|CIROP_XENLA	35.743	498	290	14	100	1539	27	512	1.41e-80	275
g3787.t1	sp|Q9H477|RBSK_HUMAN	57.475	301	126	2	28	924	22	322	1.18e-107	319
g3788.t2	sp|Q7LHG5|YI31B_YEAST	38.800	250	152	1	25	774	626	874	1.58e-53	190
g3793.t1	sp|Q6PCL9|PAPOG_MOUSE	64.962	528	182	2	40	1617	17	543	0.0	723
g3794.t1	sp|Q9HAV4|XPO5_HUMAN	43.255	897	494	6	10	2667	5	897	0.0	677
g3798.t1	sp|Q924C1|XPO5_MOUSE	38.426	216	120	5	43	681	945	1150	6.39e-44	162
g3801.t1	sp|Q17QR8|HARB1_BOVIN	34.182	275	161	4	79	849	27	299	5.14e-43	155
g3802.t1	sp|Q32KV4|DC2L1_BOVIN	51.026	341	161	4	16	1038	4	338	3.88e-123	362
g3804.t1	sp|Q4R6I5|CLHC1_MACFA	30.479	584	386	11	127	1875	9	573	3.30e-83	276
g3806.t1	sp|A0JM56|LRRC9_XENTR	44.875	1444	731	14	52	4263	10	1428	0.0	1178
g3810.t1	sp|Q6NVP8|FUT8_XENTR	52.727	550	198	6	127	1644	42	573	0.0	585
g3811.t1	sp|Q7ZVN5|SRP54_DANRE	82.688	491	83	1	1	1473	1	489	0.0	852
g3812.t1	sp|Q6P6S9|ENTP5_RAT	43.577	397	199	7	283	1461	47	422	1.20e-99	309
g3814.t1	sp|Q5R613|SNX6_PONAB	67.990	403	129	0	1	1209	1	403	0.0	567
g3818.t1	sp|P31643|SC6A6_RAT	49.216	638	287	9	10	1908	10	615	1.04e-166	493
g3823.t1	sp|Q9Y256|FACE2_HUMAN	46.809	235	121	2	61	756	38	271	7.72e-56	186
g3824.t1	sp|Q9P2K2|TXD16_HUMAN	26.503	732	505	16	205	2373	57	764	3.53e-69	247
g3825.t1	sp|Q9JJL8|SYSM_MOUSE	44.519	447	208	6	229	1455	56	500	3.15e-129	388
g3826.t1	sp|Q95NI4|CALM_HALOK	80.272	147	28	1	40	480	3	148	1.74e-80	238
g3828.t1	sp|Q6NWH0|CK068_DANRE	42.667	150	78	5	214	651	84	229	7.22e-27	106
g3829.t1	sp|Q6NWH0|CK068_DANRE	39.024	164	90	6	247	726	72	229	6.06e-23	97.1
g3830.t1	sp|Q6NWH0|CK068_DANRE	38.922	167	92	6	1519	2007	69	229	9.46e-23	101
g3831.t1	sp|Q5R5C9|SCPDL_PONAB	50.356	421	203	3	10	1254	2	422	9.72e-153	442
g3833.t1	sp|Q2PFW9|NOVA1_MACFA	54.341	311	108	6	97	1005	21	305	4.79e-92	293
g3833.t1	sp|Q2PFW9|NOVA1_MACFA	61.798	89	33	1	1372	1638	389	476	3.38e-25	112
g3834.t1	sp|Q62261|SPTB2_MOUSE	58.913	2042	775	5	61	6006	38	2075	0.0	2301
g3834.t1	sp|Q62261|SPTB2_MOUSE	49.231	130	56	2	6427	6786	2200	2329	3.48e-26	122
g3835.t1	sp|Q96JC1|VPS39_HUMAN	59.534	472	188	2	1	1407	409	880	1.14e-176	521
g3836.t1	sp|Q96JC1|VPS39_HUMAN	51.031	388	143	6	1	1038	1	383	2.51e-124	381
g3837.t1	sp|Q9CXR1|DHRS7_MOUSE	44.262	305	159	4	124	1026	26	323	3.09e-68	220
g3838.t1	sp|Q5HZQ9|PCX4_XENLA	39.286	1260	657	22	1	3690	1	1182	0.0	763
g3839.t1	sp|Q9CR63|COX16_MOUSE	47.115	104	49	2	25	336	7	104	3.06e-28	102
g3841.t1	sp|P59325|IF5_MOUSE	53.901	423	174	5	1	1215	1	420	6.18e-139	407
g3842.t1	sp|Q92797|SYMPK_HUMAN	53.517	1123	469	14	16	3321	10	1100	0.0	1114
g3843.t1	sp|O88994|MARC2_RAT	38.697	261	145	7	70	846	90	337	2.72e-50	172
g3844.t1	sp|Q5VT66|MARC1_HUMAN	39.527	296	166	8	142	1029	51	333	7.94e-60	198
g3845.t1	sp|Q8L0X4|MEGL_FUSNP	47.110	346	178	3	259	1290	53	395	1.71e-114	343
g3847.t1	sp|Q96DM1|PGBD4_HUMAN	26.619	278	184	6	442	1224	105	379	4.05e-22	102
g3849.t1	sp|Q0V9V2|T229B_XENTR	58.434	166	66	1	1	489	1	166	8.58e-66	201
g3855.t1	sp|Q96L93|KI16B_HUMAN	44.864	847	394	12	1	2472	1	797	0.0	667
g3856.t1	sp|Q5U3G6|YIF1B_DANRE	53.191	282	119	3	85	921	31	302	1.36e-98	295
g3857.t1	sp|A4IF87|GNPAT_BOVIN	37.964	619	376	6	16	1866	33	645	5.28e-147	446
g3858.t1	sp|Q33BP8|FOXN3_PIG	37.500	528	236	22	1	1509	5	463	8.04e-74	245
g3859.t1	sp|Q6DC58|TM223_DANRE	35.071	211	128	3	133	759	45	248	5.65e-37	134
g3860.t1	sp|Q5ZL12|PPR21_CHICK	46.801	797	397	8	4	2379	5	779	0.0	588
g3861.t1	sp|P00767|CTRB_BOVIN	37.109	256	113	7	67	723	1	245	1.07e-43	150
g3862.t1	sp|P00767|CTRB_BOVIN	41.154	260	131	10	67	825	1	245	1.75e-52	174
g3864.t1	sp|Q5VV42|CDKAL_HUMAN	66.229	533	157	2	7	1605	5	514	0.0	711
g3866.t1	sp|Q80X66|BTBDA_MOUSE	69.896	289	81	2	250	1116	157	439	1.28e-138	407
g3867.t1	sp|P04642|LDHA_RAT	60.180	334	131	1	1	1002	1	332	1.62e-145	417
g3867.t2	sp|Q9PVK4|LDHBA_DANRE	64.407	236	84	0	19	726	6	241	2.16e-107	316
g3867.t3	sp|P06151|LDHA_MOUSE	54.783	115	49	1	37	372	218	332	5.35e-34	123
g3871.t1	sp|P21129|P3_MOUSE	33.333	255	163	3	772	1533	197	445	7.01e-33	135
g3873.t1	sp|Q5RD64|CNTP2_PONAB	35.632	174	103	5	178	687	625	793	1.47e-25	108
g3877.t1	sp|F1QMV3|TPC6B_DANRE	70.701	157	43	2	1	465	1	156	9.95e-82	241
g3878.t1	sp|Q5R5X0|PININ_PONAB	43.158	285	146	7	1	849	1	271	1.53e-34	140
g3879.t1	sp|B0BM95|ACTMP_XENTR	35.498	231	121	5	289	909	73	299	6.34e-36	134
g3881.t1	sp|P32031|SLP2_DROME	80.769	130	23	2	316	699	171	300	1.73e-66	221
g3882.t1	sp|P12259|FA5_HUMAN	33.577	274	173	4	150	944	1167	1440	3.10e-30	124
g3882.t1	sp|P12259|FA5_HUMAN	35.417	240	138	3	282	950	1167	1406	6.25e-27	114
g3882.t1	sp|P12259|FA5_HUMAN	32.443	262	162	5	108	848	1201	1462	1.13e-22	102
g3883.t1	sp|Q5M8Z0|BHMT1_XENTR	50.270	370	165	4	13	1116	7	359	6.12e-123	364
g3884.t1	sp|Q5RF32|BHMT2_PONAB	52.514	358	153	4	13	1080	10	352	4.94e-127	372
g3890.t1	sp|P57093|PAHX_RAT	58.651	341	133	1	22	1044	6	338	2.03e-146	419
g3891.t1	sp|Q9VMU8|SENJU_DROME	35.959	292	147	4	25	783	14	304	5.16e-52	177
g3893.t1	sp|Q80YR7|CLSPN_MOUSE	30.298	571	301	19	496	2121	743	1245	3.53e-30	131
g3894.t1	sp|G3UVW3|S38A6_MOUSE	49.020	153	73	1	1	459	282	429	4.15e-43	152
g3895.t1	sp|Q28HE5|S38A6_XENTR	53.546	282	94	5	112	957	23	267	5.59e-80	253
g3896.t1	sp|F6VSS6|TRM5_XENTR	49.153	413	203	4	154	1392	74	479	6.93e-141	416
g3897.t1	sp|P51950|MAT1_MARGL	93.808	323	20	0	1	969	2	324	0.0	588
g3899.t1	sp|Q9JJ61|GLT16_MOUSE	56.371	518	211	7	145	1665	43	556	0.0	597
g3899.t2	sp|Q9JJ61|GLT16_MOUSE	55.405	518	216	7	145	1665	43	556	0.0	587
g3899.t3	sp|Q9JJ61|GLT16_MOUSE	55.832	523	211	8	145	1680	43	556	0.0	592
g3901.t1	sp|Q8TBZ3|WDR20_HUMAN	59.296	398	135	5	7	1122	2	398	5.71e-156	459
g3902.t1	sp|B4F7E7|PALS1_RAT	50.259	579	255	12	1462	3171	120	674	4.36e-179	541
g3902.t2	sp|B4F7E7|PALS1_RAT	51.687	563	255	11	1462	3123	120	674	0.0	551
g3904.t1	sp|Q9D1E6|TBCB_MOUSE	50.228	219	104	3	22	678	6	219	2.66e-68	213
g3905.t1	sp|A5D7H2|STRN3_BOVIN	60.574	766	263	15	115	2388	63	797	0.0	832
g3906.t1	sp|O82201|AP4S_ARATH	61.151	139	53	1	4	420	3	140	1.84e-60	186
g3907.t1	sp|Q5U378|TBCE_DANRE	43.561	528	281	9	40	1611	6	520	6.97e-127	384
g3907.t2	sp|Q5U378|TBCE_DANRE	43.561	528	281	9	40	1611	6	520	6.97e-127	384
g3907.t3	sp|Q5U378|TBCE_DANRE	42.991	535	281	10	40	1632	6	520	6.85e-124	376
g3908.t1	sp|Q5FWT1|FA98A_RAT	46.386	332	169	3	1	990	6	330	1.88e-77	254
g3909.t1	sp|Q5M8Z0|BHMT1_XENTR	56.391	133	55	2	1	396	228	358	5.35e-43	149
g3910.t1	sp|Q95332|BHMT1_PIG	48.677	189	90	2	22	585	10	192	5.83e-55	180
g3911.t1	sp|Q7SZE5|SC23A_DANRE	76.250	80	19	0	150	389	50	129	3.71e-57	140
g3911.t1	sp|Q7SZE5|SC23A_DANRE	84.314	51	8	0	10	162	3	53	3.71e-57	101
g3912.t1	sp|Q01405|SC23A_MOUSE	77.229	628	141	2	1	1881	139	765	0.0	1031
g3918.t1	sp|Q8JFW4|ADAT3_DANRE	40.991	222	125	5	100	762	21	237	3.78e-44	161
g3918.t1	sp|Q8JFW4|ADAT3_DANRE	68.000	75	24	0	1183	1407	262	336	1.35e-27	116
g3919.t1	sp|Q9TTK4|LYST_BOVIN	45.545	1201	611	17	7495	11031	2611	3790	0.0	1026
g3919.t1	sp|Q9TTK4|LYST_BOVIN	29.274	854	517	21	3304	5667	1202	2034	2.07e-85	319
g3919.t1	sp|Q9TTK4|LYST_BOVIN	25.217	460	284	12	1069	2397	315	731	3.78e-26	123
g3919.t1	sp|Q9TTK4|LYST_BOVIN	35.196	179	116	0	5926	6462	2298	2476	6.09e-26	122
g3920.t1	sp|Q4R8N7|STIP1_MACFA	53.047	558	242	6	16	1680	3	543	0.0	563
g3921.t1	sp|Q5XEP2|HSOP2_ARATH	50.926	108	53	0	22	345	3	110	4.00e-30	116
g3921.t2	sp|Q5XEP2|HSOP2_ARATH	50.926	108	53	0	22	345	3	110	4.39e-30	116
g3922.t1	sp|A5A6H9|ODBA_PANTR	64.508	417	147	1	88	1335	28	444	0.0	554
g3925.t1	sp|O00214|LEG8_HUMAN	33.229	319	188	7	1	918	8	314	1.83e-49	170
g3925.t1	sp|O00214|LEG8_HUMAN	37.500	136	79	2	28	432	185	315	1.30e-23	101
g3926.t1	sp|Q5RHR0|PARP1_DANRE	48.015	1033	483	21	1	3012	1	1008	0.0	910
g3927.t1	sp|F6XZJ7|SAM15_MOUSE	52.336	107	51	0	46	366	478	584	2.40e-32	123
g3928.t1	sp|Q9H3P7|GCP60_HUMAN	60.870	161	62	1	856	1338	369	528	1.50e-49	179
g3928.t1	sp|Q9H3P7|GCP60_HUMAN	47.170	106	56	0	103	420	75	180	2.91e-28	120
g3934.t1	sp|P50748|KNTC1_HUMAN	31.152	1589	994	24	28	4671	668	2197	0.0	711
g3935.t1	sp|P50748|KNTC1_HUMAN	33.724	682	421	14	7	2022	2	662	1.95e-100	342
g3936.t1	sp|Q91YE3|EGLN1_MOUSE	40.374	374	199	7	43	1128	21	382	5.40e-83	264
g3940.t1	sp|Q7T1R4|FOXA2_XENTR	85.484	124	18	0	403	774	132	255	2.59e-76	248
g3942.t1	sp|Q8TD10|MIPO1_HUMAN	42.183	339	185	3	883	1878	107	441	3.47e-55	197
g3943.t1	sp|Q5RFB7|ODC_PONAB	65.108	278	93	2	64	897	25	298	6.55e-126	364
g3945.t1	sp|P47236|PAX1_CHICK	69.756	205	54	2	28	624	1	203	2.41e-86	258
g3947.t1	sp|Q28718|CNGA2_RABIT	43.654	520	246	9	157	1653	131	624	2.49e-120	375
g3947.t2	sp|Q28718|CNGA2_RABIT	40.966	559	244	10	157	1770	131	624	2.44e-114	360
g3950.t1	sp|P42586|NKX22_MOUSE	90.110	91	9	0	496	768	127	217	6.42e-54	178
g3953.t1	sp|Q9H0D6|XRN2_HUMAN	60.371	863	305	10	1	2526	1	847	0.0	999
g3954.t1	sp|P43699|NKX21_HUMAN	53.497	286	81	12	1	750	1	270	2.04e-69	225
g3961.t1	sp|Q8R0G9|NU133_MOUSE	39.153	1134	635	27	139	3453	41	1148	0.0	648
g3963.t1	sp|P55006|RDH7_RAT	40.702	285	140	6	82	867	27	305	4.00e-62	202
g3966.t1	sp|Q93015|NAA80_HUMAN	46.099	141	75	1	7	426	57	197	1.19e-41	147
g3967.t1	sp|Q58EM4|ARMT1_DANRE	47.717	438	217	6	34	1314	7	443	5.87e-137	403
g3968.t1	sp|Q4KMJ1|CHAC2_DANRE	55.556	180	80	0	1	540	1	180	4.56e-74	224
g3970.t1	sp|Q9NWQ9|CN119_HUMAN	44.118	102	55	1	70	369	34	135	5.99e-24	92.8
g3974.t1	sp|Q80VA0|GALT7_MOUSE	45.756	542	266	12	286	1857	122	653	2.40e-155	465
g3975.t1	sp|O61397|GALT7_CAEEL	45.322	481	242	9	253	1680	132	596	1.97e-136	412
g3976.t1	sp|Q29473|CP2DF_CANLF	35.211	497	291	10	28	1449	12	500	4.25e-85	273
g3976.t2	sp|P12938|CP2D3_RAT	34.930	501	304	11	16	1488	12	500	1.15e-88	283
g3978.t1	sp|P42674|BP10_PARLI	44.286	420	222	6	70	1311	35	448	4.65e-108	334
g3980.t1	sp|Q2LC84|NUMB_RAT	57.003	307	94	2	1	807	1	307	8.74e-111	349
g3981.t1	sp|Q58CV6|KLDC3_BOVIN	46.114	386	156	3	1	1014	1	382	2.18e-109	327
g3982.t1	sp|G9G127|NINL_DANRE	31.735	876	472	27	31	2514	10	807	1.22e-81	297
g3982.t2	sp|G9G127|NINL_DANRE	31.735	876	472	27	31	2514	10	807	2.15e-81	296
g3985.t1	sp|Q86X10|RLGPB_HUMAN	44.843	1338	654	23	1	3975	1	1267	0.0	1033
g3985.t2	sp|Q86X10|RLGPB_HUMAN	45.697	1313	651	23	1	3891	1	1267	0.0	1036
g3985.t3	sp|Q86X10|RLGPB_HUMAN	45.461	1322	650	24	1	3918	1	1267	0.0	1033
g3986.t1	sp|Q8BQZ4|RLGPB_MOUSE	58.407	113	43	2	58	384	1364	1476	2.33e-36	134
g3987.t1	sp|Q9P0Z9|SOX_HUMAN	40.576	382	215	8	7	1131	6	382	1.70e-83	263
g3988.t1	sp|O60706|ABCC9_HUMAN	44.361	399	194	4	19	1143	1151	1545	4.01e-97	320
g3990.t1	sp|Q09429|ABCC8_RAT	35.304	575	342	4	133	1770	314	887	9.99e-73	258
g3993.t1	sp|A1A5F2|HTR5B_XENTR	57.039	2067	799	20	1	5982	1	2051	0.0	1961
g3994.t1	sp|Q0VFM0|ZFPL1_XENTR	48.287	321	164	2	1	960	1	320	2.63e-102	306
g4000.t1	sp|Q3MIT2|PUS10_HUMAN	43.478	529	268	7	79	1593	6	527	1.29e-135	407
g4001.t1	sp|Q5I4F8|AQP8_NOTAL	30.502	259	161	5	22	786	18	261	5.81e-29	113
g4005.t1	sp|Q5BKG8|NUSAP_XENTR	34.139	331	157	14	784	1650	186	497	5.11e-25	112
g4010.t1	sp|Q01H84|SELN_XENTR	48.505	301	151	3	208	1107	64	361	1.22e-109	280
g4010.t1	sp|Q01H84|SELN_XENTR	68.254	63	20	0	1107	1295	388	450	1.22e-109	92.4
g4010.t1	sp|Q01H84|SELN_XENTR	47.436	78	33	2	1327	1536	483	560	1.22e-109	68.9
g4012.t1	sp|O00189|AP4M1_HUMAN	36.522	460	240	10	1	1245	1	453	2.48e-91	286
g4014.t1	sp|P11708|MDHC_PIG	60.245	327	98	3	7	891	5	331	6.43e-127	368
g4015.t1	sp|Q07130|UGPA_BOVIN	68.182	484	150	2	88	1527	25	508	0.0	686
g4017.t1	sp|Q4R4Q6|YPEL5_MACFA	80.992	121	22	1	1	363	1	120	1.11e-70	210
g4019.t1	sp|Q8BW86|ARG33_MOUSE	26.667	435	269	17	1	1269	33	429	2.26e-23	110
g4020.t1	sp|Q80UF4|SDCG8_MOUSE	33.333	606	383	7	439	2208	108	708	4.65e-91	304
g4021.t1	sp|Q04865|TF65_XENLA	47.284	313	147	5	205	1131	16	314	7.88e-89	290
g4022.t1	sp|Q9VZI3|UN112_DROME	47.486	716	273	14	40	1917	5	707	0.0	621
g4023.t2	sp|Q9NBX4|RTXE_DROME	33.557	149	98	1	271	714	453	601	8.21e-22	83.6
g4023.t2	sp|Q9NBX4|RTXE_DROME	39.130	46	28	0	737	874	609	654	8.21e-22	42.0
g4025.t1	sp|Q6PBN2|AIDA_DANRE	50.000	306	142	4	1	915	1	296	1.92e-93	282
g4026.t1	sp|Q9VT65|CANB_DROME	46.132	698	342	12	22	2067	246	925	0.0	604
g4027.t1	sp|Q8SQC1|SCRB1_PIG	35.763	439	271	6	37	1347	17	446	5.16e-93	295
g4028.t1	sp|Q8SQC1|SCRB1_PIG	33.563	435	271	6	115	1389	30	456	2.00e-80	263
g4030.t1	sp|Q8N9M1|CS047_HUMAN	39.130	207	113	6	16	606	42	245	1.19e-34	132
g4031.t1	sp|Q6DHJ3|NVD_DANRE	52.616	344	158	4	4	1023	108	450	7.33e-127	374
g4034.t1	sp|Q9NRK6|ABCBA_HUMAN	55.537	614	233	4	298	2046	133	737	0.0	609
g4036.t1	sp|Q5TYV4|SPE39_DANRE	35.499	431	255	8	355	1626	69	483	2.34e-78	257
g4040.t1	sp|Q58D06|WDR74_BOVIN	52.116	378	161	5	1	1083	1	375	4.88e-140	406
g4042.t1	sp|Q6NXA9|UBXN1_DANRE	40.606	330	155	4	7	996	5	293	3.63e-68	218
g4043.t1	sp|Q9JI19|FIBP_MOUSE	53.631	358	160	3	16	1089	5	356	4.76e-139	402
g4044.t1	sp|Q86UA1|PRP39_HUMAN	43.534	549	237	7	778	2298	84	601	2.58e-149	459
g4045.t1	sp|A1A4N1|S29A3_BOVIN	31.011	445	280	7	268	1524	20	463	1.00e-52	189
g4049.t1	sp|Q09815|PPK5_SCHPO	33.247	388	227	11	73	1200	461	828	1.97e-47	184
g4057.t1	sp|Q95M12|LGMN_BOVIN	48.478	427	211	7	19	1284	7	429	6.51e-142	415
g4058.t1	sp|B0DOB5|DAA1A_XENLA	57.730	511	191	7	61	1566	24	518	0.0	591
g4058.t1	sp|B0DOB5|DAA1A_XENLA	56.024	498	187	7	1795	3258	602	1077	3.01e-161	509
g4058.t2	sp|B0DOB5|DAA1A_XENLA	59.476	496	191	6	61	1521	24	518	0.0	601
g4058.t2	sp|B0DOB5|DAA1A_XENLA	56.024	498	187	7	1750	3213	602	1077	3.73e-161	508
g4060.t1	sp|Q68EK7|RAB4B_DANRE	86.449	214	24	2	1	630	1	213	9.43e-137	384
g4061.t1	sp|P51821|ARF1_CHLRE	57.558	172	69	3	25	540	6	173	6.33e-66	203
g4062.t1	sp|P91924|ARF_DUGJA	58.382	173	69	3	52	570	14	183	1.69e-66	204
g4064.t1	sp|P22274|ARF_CANAL	54.706	170	74	3	76	585	11	177	4.68e-53	171
g4065.t1	sp|P52162|MAX_CHICK	72.566	113	27	1	40	366	22	134	6.41e-53	169
g4066.t1	sp|P49355|FNTB_BOVIN	58.629	394	158	1	46	1227	33	421	9.28e-155	447
g4069.t1	sp|Q6P632|NAA20_XENTR	75.843	178	40	1	1	525	1	178	4.98e-102	293
g4070.t1	sp|Q497V6|BAHD1_MOUSE	47.668	193	96	3	2020	2586	580	771	3.31e-45	178
g4071.t1	sp|Q5ZJQ3|LIN52_CHICK	69.369	111	29	2	1	330	1	107	7.84e-47	149
g4072.t1	sp|A1A4N1|S29A3_BOVIN	34.856	416	264	4	340	1569	49	463	9.09e-71	237
g4072.t2	sp|A1A4N1|S29A3_BOVIN	33.839	461	290	6	49	1395	6	463	7.08e-76	248
g4074.t1	sp|B7FF09|WDY_DROWI	27.907	774	444	15	562	2748	227	931	2.76e-69	253
g4077.t1	sp|Q9UKY4|POMT2_HUMAN	48.857	350	163	4	85	1125	414	750	5.42e-101	318
g4078.t1	sp|F1Q8R9|POMT2_DANRE	56.557	244	78	1	76	723	80	323	3.79e-85	271
g4080.t1	sp|Q96DM1|PGBD4_HUMAN	23.780	492	321	14	424	1830	84	544	1.29e-30	130
g4088.t1	sp|A2VE39|CMTR1_BOVIN	54.800	750	329	6	430	2667	87	830	0.0	825
g4090.t1	sp|Q8CFK2|TF3B_MOUSE	44.589	231	97	6	496	1125	415	635	3.55e-23	105
g4091.t1	sp|M3XQV7|BTBD3_MUSPF	71.529	425	121	0	250	1524	108	532	0.0	638
g4092.t1	sp|Q8CFK2|TF3B_MOUSE	72.316	177	48	1	22	549	5	181	2.12e-84	266
g4103.t1	sp|Q64319|SLC31_RAT	31.692	650	374	15	103	2034	62	647	6.53e-104	334
g4103.t2	sp|Q64319|SLC31_RAT	31.490	651	375	16	103	2037	62	647	1.81e-102	330
g4104.t1	sp|Q64319|SLC31_RAT	31.073	634	376	18	145	1986	62	654	1.91e-90	298
g4105.t1	sp|Q5VWZ2|LYPL1_HUMAN	53.879	232	104	2	1	693	1	230	2.08e-86	259
g4106.t1	sp|P15203|TGFB3_PIG	35.577	416	243	11	19	1212	1	409	6.81e-74	239
g4107.t1	sp|Q6EMB2|TTLL5_HUMAN	44.792	192	93	3	229	801	641	820	1.06e-26	120
g4108.t1	sp|Q8CHB8|TTLL5_MOUSE	52.988	502	213	3	208	1683	28	516	0.0	577
g4109.t1	sp|Q9VXE5|PAKM_DROME	76.351	296	51	2	856	1689	343	637	6.15e-156	463
g4111.t1	sp|A8PU71|SDHF1_BOVIN	52.500	80	38	0	10	249	3	82	1.10e-21	84.7
g4112.t1	sp|Q5F4A1|G2E3_CHICK	43.871	310	169	3	31	957	6	311	2.39e-77	276
g4113.t1	sp|Q08DB5|STX5_BOVIN	65.862	290	91	6	136	999	55	338	3.10e-127	372
g4116.t1	sp|O73755|GREM1_CHICK	44.755	143	74	3	187	603	42	183	4.02e-37	130
g4119.t1	sp|Q9JL04|FMN2_MOUSE	51.574	413	187	4	3994	5214	1140	1545	6.58e-121	422
g4120.t1	sp|Q75WF2|DNA2_ACAPL	55.152	330	147	1	76	1062	28	357	2.95e-127	372
g4121.t1	sp|Q91YJ5|IF2M_MOUSE	60.766	209	81	1	388	1011	97	305	2.79e-74	246
g4122.t1	sp|Q91YJ5|IF2M_MOUSE	40.122	329	171	3	1	909	399	727	4.75e-79	257
g4123.t1	sp|P79781|RS27A_CHICK	96.032	126	5	0	1	378	1	126	5.71e-58	179
g4124.t1	sp|Q86TV6|TTC7B_HUMAN	43.311	882	453	11	10	2637	3	843	0.0	598
g4124.t2	sp|Q86TV6|TTC7B_HUMAN	44.264	863	453	10	10	2580	3	843	0.0	611
g4124.t3	sp|Q86TV6|TTC7B_HUMAN	44.496	854	455	10	10	2553	3	843	0.0	619
g4129.t1	sp|Q9VFJ2|RM11_DROME	51.773	141	64	1	157	567	53	193	9.59e-46	152
g4131.t1	sp|Q13435|SF3B2_HUMAN	71.281	484	130	5	25	1455	386	867	0.0	624
g4134.t1	sp|Q3V1V3|ESF1_MOUSE	44.333	600	275	15	559	2328	295	845	3.91e-103	340
g4134.t2	sp|Q3V1V3|ESF1_MOUSE	43.167	600	283	15	559	2331	295	845	1.41e-102	338
g4135.t1	sp|Q61079|SIM2_MOUSE	35.279	394	203	7	82	1239	3	352	7.26e-58	216
g4139.t1	sp|Q5R7H0|DHTK1_PONAB	52.386	901	420	5	76	2769	24	918	0.0	1006
g4143.t1	sp|A8C754|THADA_CHICK	30.435	253	144	4	4	750	1230	1454	2.78e-30	125
g4145.t1	sp|Q9XTL9|PYG_DROME	67.696	842	222	3	7	2382	2	843	0.0	1157
g4146.t1	sp|Q9P203|BTBD7_HUMAN	48.686	647	319	5	304	2232	69	706	0.0	610
g4147.t1	sp|Q99814|EPAS1_HUMAN	51.053	190	83	3	79	648	22	201	7.86e-54	188
g4148.t1	sp|Q98SW2|HIF1A_ONCMY	45.540	213	95	2	4	579	228	440	7.65e-57	208
g4149.t1	sp|Q9UJA3|MCM8_HUMAN	71.391	381	105	2	1	1143	463	839	2.76e-180	525
g4150.t1	sp|I0IUP3|MCM8_CHICK	52.551	392	145	7	457	1545	48	427	1.54e-131	405
g4151.t1	sp|Q07889|SOS1_HUMAN	54.460	1065	427	14	10	3084	8	1054	0.0	1119
g4152.t1	sp|Q9UEU0|VTI1B_HUMAN	34.667	225	106	3	4	555	7	231	3.90e-22	93.2
g4153.t1	sp|Q02253|MMSA_RAT	69.355	496	130	1	70	1491	38	533	0.0	709
g4154.t1	sp|O54928|SOCS5_MOUSE	60.326	184	70	1	1117	1668	346	526	2.33e-70	239
g4155.t1	sp|O75717|WDHD1_HUMAN	50.155	646	301	10	1	1881	1	644	0.0	656
g4156.t1	sp|O13046|WDHD1_XENLA	57.516	153	64	1	7	465	652	803	5.42e-56	205
g4158.t1	sp|P59722|EGLN1_RAT	56.938	209	88	2	688	1314	110	316	2.87e-80	254
g4161.t1	sp|Q8BYN3|ITPK1_MOUSE	47.077	325	166	5	4	978	8	326	2.56e-101	309
g4163.t1	sp|A0A0F7Z3J2|CTHA2_CONVC	40.385	104	60	2	73	381	42	144	6.98e-22	87.8
g4164.t1	sp|Q86YW7|GPHB5_HUMAN	37.795	127	75	2	94	465	1	126	2.04e-23	92.4
g4167.t1	sp|P54366|GSC_DROME	92.537	67	5	0	289	489	280	346	2.65e-36	136
g4168.t1	sp|A1A4M4|TATD3_BOVIN	63.603	272	98	1	4	819	3	273	3.29e-114	332
g4170.t1	sp|P16537|SPC3_STRPU	61.538	117	45	0	37	387	84	200	1.85e-34	123
g4172.t1	sp|P98068|SPAN_STRPU	40.757	449	241	8	19	1311	174	615	2.70e-102	320
g4174.t1	sp|Q8MV48|GALT7_DROME	35.417	144	92	1	1	432	448	590	4.15e-24	100
g4175.t1	sp|Q49A17|GLTL6_HUMAN	63.235	68	25	0	63	266	321	388	7.20e-27	103
g4175.t1	sp|Q49A17|GLTL6_HUMAN	77.778	18	4	0	13	66	304	321	7.20e-27	36.6
g4176.t1	sp|Q8MV48|GALT7_DROME	56.000	200	85	2	334	933	66	262	8.43e-68	226
g4180.t1	sp|A0A0G2L7I0|SPRTN_DANRE	61.511	278	86	3	1	825	1	260	4.97e-111	347
g4182.t1	sp|Q8NBN7|RDH13_HUMAN	61.950	318	120	1	49	999	3	320	1.72e-121	357
g4183.t1	sp|A7SMW7|L2HDH_NEMVE	67.366	429	130	2	70	1329	29	456	0.0	588
g4184.t1	sp|Q29RQ5|TRIM9_BOVIN	52.288	721	292	10	4	2082	4	700	0.0	748
g4185.t1	sp|B5DG42|IF4A3_SALSA	88.442	398	45	1	13	1203	9	406	0.0	746
g4186.t1	sp|P18762|ADRB2_MOUSE	27.586	319	199	8	4	936	5	299	9.76e-26	109
g4186.t2	sp|Q9N2B2|HRH1_PANTR	27.473	273	167	9	85	882	28	276	5.36e-22	100
g4188.t1	sp|O43290|SNUT1_HUMAN	53.333	255	108	6	1858	2604	551	800	1.80e-65	238
g4188.t1	sp|O43290|SNUT1_HUMAN	46.885	305	152	4	457	1368	104	399	3.09e-55	208
g4189.t1	sp|Q5M7F6|DAA10_XENLA	70.621	354	103	1	7	1068	6	358	0.0	516
g4190.t1	sp|P60901|PSA6_RAT	79.268	246	51	0	1	738	1	246	3.24e-151	424
g4192.t1	sp|Q28653|2A5D_RABIT	73.271	535	137	4	127	1716	52	585	0.0	804
g4195.t1	sp|Q8IXF0|NPAS3_HUMAN	53.493	458	197	5	205	1551	50	500	2.30e-151	474
g4195.t2	sp|Q8IXF0|NPAS3_HUMAN	53.493	458	197	5	160	1506	50	500	5.86e-152	475
g4197.t1	sp|Q9WVC7|AKAP6_RAT	25.721	451	279	10	178	1446	768	1190	5.16e-25	117
g4199.t1	sp|P25455|PIP1_DROME	62.543	291	109	0	1087	1959	589	879	1.53e-125	423
g4199.t1	sp|P25455|PIP1_DROME	70.370	135	38	1	4	408	326	458	1.20e-53	209
g4199.t2	sp|P25455|PIP1_DROME	62.543	291	109	0	1288	2160	589	879	1.40e-125	425
g4199.t2	sp|P25455|PIP1_DROME	70.370	135	38	1	4	408	326	458	6.46e-54	211
g4199.t3	sp|P25455|PIP1_DROME	62.543	291	109	0	1288	2160	589	879	1.33e-125	424
g4199.t3	sp|P25455|PIP1_DROME	70.370	135	38	1	4	408	326	458	7.69e-54	210
g4199.t4	sp|P25455|PIP1_DROME	62.543	291	109	0	1234	2106	589	879	1.40e-125	424
g4199.t4	sp|P25455|PIP1_DROME	70.370	135	38	1	4	408	326	458	7.47e-54	211
g4200.t1	sp|P51432|PLCB3_MOUSE	45.238	294	157	2	1	882	1	290	1.41e-78	262
g4201.t1	sp|Q15147|PLCB4_HUMAN	55.008	1198	421	16	37	3537	46	1156	0.0	1246
g4201.t2	sp|Q9QW07|PLCB4_RAT	61.981	626	222	5	1780	3618	534	1156	0.0	791
g4201.t2	sp|Q9QW07|PLCB4_RAT	64.665	433	140	2	37	1296	46	478	0.0	571
g4202.t1	sp|Q15147|PLCB4_HUMAN	55.814	86	38	0	1	258	1	86	1.22e-26	105
g4204.t1	sp|Q9Y3Q0|NALD2_HUMAN	45.000	740	390	11	55	2238	6	740	0.0	660
g4208.t1	sp|O43166|SI1L1_HUMAN	49.179	913	384	14	685	3330	172	1035	0.0	840
g4208.t2	sp|O43166|SI1L1_HUMAN	48.652	927	382	16	685	3372	172	1035	0.0	832
g4208.t3	sp|O43166|SI1L1_HUMAN	48.652	927	382	16	685	3372	172	1035	0.0	832
g4209.t1	sp|Q62728|PTN21_RAT	53.846	338	152	3	565	1566	838	1175	2.95e-123	392
g4211.t1	sp|Q62728|PTN21_RAT	49.693	326	145	4	1	924	3	327	2.77e-93	307
g4212.t1	sp|P49454|CENPF_HUMAN	42.953	149	65	1	1	447	1	129	1.99e-23	112
g4218.t1	sp|Q9BXW4|MLP3C_HUMAN	76.271	118	28	0	19	372	9	126	2.02e-62	190
g4219.t1	sp|Q1G7G9|TALD3_CHICK	29.642	587	321	18	376	1989	492	1035	3.32e-43	176
g4220.t1	sp|Q6PCG7|I2BLB_XENLA	44.803	712	296	23	40	1983	11	689	3.09e-160	480
g4225.t2	sp|Q99PP2|ZN318_MOUSE	34.615	312	185	6	4018	4941	929	1225	2.86e-45	184
g4227.t1	sp|P83673|LYS1_CRAVI	54.783	115	42	4	79	420	75	180	2.19e-23	93.6
g4227.t2	sp|P83673|LYS1_CRAVI	54.783	115	42	4	103	444	75	180	1.73e-23	94.0
g4228.t1	sp|P17200|ACM4_CHICK	33.407	455	274	8	136	1434	35	482	5.80e-68	228
g4231.t1	sp|A3KP37|NDUF5_DANRE	73.596	178	45	1	49	576	130	307	4.68e-92	275
g4233.t1	sp|P48601|PRS4_DROME	89.342	441	45	1	1	1323	1	439	0.0	771
g4235.t1	sp|Q5RBP4|EHD1_PONAB	66.294	537	175	3	1	1608	1	532	0.0	759
g4237.t1	sp|Q9VBW3|CAD96_DROME	42.466	292	156	2	1213	2073	465	749	1.16e-75	262
g4238.t1	sp|Q9VBW3|CAD96_DROME	42.395	309	166	2	1243	2154	465	766	2.09e-81	278
g4239.t1	sp|Q6ZMV9|KIF6_HUMAN	68.720	422	130	1	1	1260	1	422	0.0	618
g4240.t1	sp|Q6ZMV9|KIF6_HUMAN	40.625	256	123	6	4	756	462	693	5.33e-42	161
g4242.t1	sp|P60899|RPB9_PIG	82.906	117	20	0	46	396	9	125	4.95e-74	219
g4243.t1	sp|D3ZVP7|ZFY21_RAT	42.979	235	116	6	13	702	11	232	6.05e-60	191
g4244.t1	sp|Q5U2V5|CRLS1_RAT	56.216	185	81	0	259	813	104	288	2.29e-67	